**************************overload****************************
1447857822,66
1447857823,66
1447857824,66
1447857825,66
1447857826,66
1447857827,66
1447857828,66
1447857829,66
1447857830,66
1447857831,152
1447857832,66
1447857833,66
1447857834,66
1447857835,66
1447857836,66
1447857837,66
1447857838,66
1447857839,66
1447857840,66
1447857841,152
1447857842,66
1447857843,66
1447857844,66
1447857845,66
1447857846,66
1447857847,66
1447857848,66
1447857849,66
1447857850,66
1447857851,152
1447857852,66
1447857853,66
1447857854,66
1447857855,66
1447857856,66
1447857857,66
1447857858,638
1447857859,3198
1447857860,3252
1447857861,3306
1447857862,3468
1447857863,3176
1447857864,1956
1447857865,9450
1447857869,1580
1447857870,786
1447857871,6202
1447857872,8640
1447857877,356
1447857878,676
1447857879,226
1447857880,532
1447857881,228
1447857882,1628
1447857883,1562
1447857884,1896
1447857885,2106
1447857886,3954
1447857887,15174
1447857888,23328
1447857889,13230
1447857890,86
1447857895,86
1447857900,86
1447857902,180
1447857903,966
1447857905,242
1447857906,156
1447857907,156
1447857908,66
1447857909,66
1447857910,152
1447857911,66
1447857912,66
1447857913,66
1447857914,66
1447857915,66
1447857916,66
1447857917,66
1447857918,66
1447857919,66
1447857920,152
1447857921,66
1447857922,66
1447857923,66
1447857924,66
1447857925,152
1447857926,66
1447857927,66
1447857928,66
1447857929,66
1447857930,152
1447857931,66
1447857932,66
1447857933,66
1447857934,66
1447857935,152
1447857936,66
1447857937,66
1447857938,66
1447857939,66
1447857940,152
1447857941,66
1447857942,66
1447857943,66
1447857944,66
1447857945,152
1447857946,66
1447857947,66
1447857948,66
1447857949,66
1447857950,152
1447857951,66
1447857952,66
1447857953,66
1447857954,66
1447857955,152
1447857956,66
1447857957,66
1447857958,66
1447857959,66
1447857960,152
1447857961,66
1447857962,66
1447857963,66
1447857964,66
1447857965,152
1447857966,66
1447857967,66
1447857968,66
1447857969,66
1447857970,152
1447857971,66
1447857972,66
1447857973,66
1447857974,66
1447857975,152
1447857976,66
1447857977,66
1447857978,66
1447857979,66
1447857980,152
1447857981,66
1447857982,66
1447857983,66
1447857984,66
1447857985,152
1447857986,66
1447857987,66
1447857988,66
1447857989,66
1447857990,152
1447857991,66
1447857992,66
1447857993,66
1447857994,66
1447857995,152
1447857996,66
1447857997,66
1447857998,66
1447857999,66
1447858000,152
1447858001,66
1447858002,66
1447858003,66
1447858004,66
1447858005,152
1447858006,66
1447858007,66
1447858008,66
1447858009,66
1447858010,152
1447858011,66
1447858012,66
1447858013,66
1447858014,66
1447858015,66
1447858016,66
1447858017,66
1447858018,66
1447858019,66
1447858020,152
1447858021,66
1447858022,66
1447858023,66
1447858024,66
1447858025,66
1447858026,66
1447858027,66
1447858028,66
1447858029,66
1447858030,152
1447858031,66
1447858032,66
1447858033,66
1447858034,66
1447858035,152
1447858036,66
1447858037,66
1447858038,66
1447858039,66
1447858040,66
1447858041,66
1447858042,66
1447858043,66
1447858044,66
1447858045,152
1447858046,66
1447858047,66
1447858048,66
1447858049,66
1447858050,86
1447858051,66
1447858052,66
1447858053,66
1447858054,66
1447858055,152
1447858056,132
1447858058,66
1447858059,132
1447858060,86
1447858061,66
1447858062,66
1447858063,132
1447858065,152
1447858066,66
1447858067,66
1447858068,66
1447858069,66
1447858070,152
1447858071,66
1447858072,66
1447858073,66
1447858074,66
1447858075,152
1447858076,66
1447858077,66
1447858078,66
1447858079,426
1447858080,246
1447858081,606
1447858082,66
1447858083,606
1447858084,336
**************************payload****************************
1447857858,3088
1447857859,75417
1447857860,74403
1447857861,86574
1447857862,91980
1447857863,59860
1447857864,51100
1447857865,255500
1447857869,15494
1447857871,155937
1447857872,233600
1447857877,6838
1447857878,8760
1447857879,1460
1447857881,4380
1447857882,36500
1447857883,35040
1447857884,45260
1447857885,56940
1447857886,105120
1447857887,410260
1447857888,630720
1447857889,357513
