**************************overload****************************
1447857680,66
1447857681,66
1447857682,66
1447857683,660
1447857684,2064
1447857685,2042
1447857686,1794
1447857687,1578
1447857688,2064
1447857689,1470
1447857690,1686
1447857691,66
1447857692,606
1447857693,66
1447857694,606
1447857695,242
1447857696,874
1447857697,1524
1447857698,930
1447857699,1146
1447857700,152
1447857701,66
1447857702,66
1447857703,912
1447857704,1362
1447857705,3140
1447857706,1092
1447857707,1560
1447857708,1524
1447857709,876
1447857710,1232
1447857711,1308
1447857712,1632
1447857713,1362
1447857714,2226
1447857715,984
1447857716,66
1447857717,66
1447857718,66
1447857719,66
1447857720,86
1447857721,66
1447857722,1822
1447857725,636
1447857726,1036
1447857727,2550
1447857728,1578
1447857729,1794
1447857730,1146
1447857731,3252
1447857732,1686
1447857733,1740
1447857734,1610
1447857735,1632
1447857736,1254
1447857737,918
1447857738,2118
1447857739,714
**************************payload****************************
1447857683,132
1447857684,444
1447857685,420
1447857686,384
1447857687,336
1447857688,444
1447857689,312
1447857690,240
1447857696,180
1447857697,324
1447857698,192
1447857699,240
1447857703,144
1447857704,288
1447857705,888
1447857706,228
1447857707,312
1447857708,324
1447857709,180
1447857710,240
1447857711,276
1447857712,348
1447857713,288
1447857714,480
1447857715,204
1447857722,168
1447857725,168
1447857726,528
1447857727,1144
1447857728,360
1447857729,384
1447857730,264
1447857731,1404
1447857732,516
1447857733,372
1447857734,324
1447857735,348
1447857736,264
1447857737,204
1447857738,276
1447857739,0
