**************************overload****************************
1447857683,1470
1447857684,3176
1447857685,3252
1447857686,3468
1447857687,3306
1447857688,15780
1447857689,7452
1447857690,5022
1447857695,206
1447857696,1666
1447857697,11610
1447857698,2808
1447857699,4320
1447857700,54
1447857702,296
1447857703,658
1447857704,3124
1447857705,2548
1447857706,3576
1447857707,3738
1447857708,2764
1447857709,3522
1447857710,4148
1447857711,2874
1447857712,3522
1447857713,3468
1447857714,16956
1447857715,3240
1447857719,476
1447857720,6096
1447857721,66
1447857722,9984
1447857723,66
1447857724,6006
1447857725,66
1447857726,534
1447857727,2766
1447857728,3468
1447857729,5972
1447857730,1308
1447857731,3198
1447857732,3252
1447857733,3738
1447857734,3446
1447857735,3576
1447857736,3468
1447857737,3468
1447857738,3144
1447857739,86
1447857740,66
**************************payload****************************
1447857683,36723
1447857684,81760
1447857685,86140
1447857686,91980
1447857687,74077
1447857688,418675
1447857689,201480
1447857690,135780
1447857695,1460
1447857696,36512
1447857697,313900
1447857698,74779
1447857699,115563
1447857700,1460
1447857702,1460
1447857703,13140
1447857704,77380
1447857705,64240
1447857706,94900
1447857707,99280
1447857708,70080
1447857709,93440
1447857710,108040
1447857711,75920
1447857712,93440
1447857713,91980
1447857714,457724
1447857715,87600
1447857719,8760
1447857722,105120
1447857726,10220
1447857727,73000
1447857728,91980
1447857729,159140
1447857730,33580
1447857731,84680
1447857732,86140
1447857733,99280
1447857734,89060
1447857735,94900
1447857736,91980
1447857737,91980
1447857738,83220
