**************************overload****************************
1447857829,66
1447857830,66
1447857831,4494
1447857832,3834
1447857833,3446
1447857834,3576
1447857835,8424
1447857836,54
1447857837,4698
1447857838,4028
1447857840,54
1447857843,140
1447857844,66
1447857845,172
1447857846,66
1447857847,66
1447857848,152
1447857849,66
1447857850,66
1447857851,2010
1447857852,3468
1447857853,3608
1447857854,3522
1447857855,3522
1447857856,3468
1447857857,3414
1447857858,4082
1447857859,5304
1447857860,7938
1447857862,120
1447857863,2996
1447857864,3846
1447857865,3144
1447857866,3576
1447857867,4068
1447857868,3284
1447857869,3522
1447857870,3306
1447857871,4440
1447857872,2874
1447857873,3554
1447857874,3360
1447857875,6816
1447857876,228
1447857877,3306
1447857878,3554
1447857879,6210
1447857880,2322
1447857881,17172
1447857885,66
1447857886,260
**************************payload****************************
1447857831,118483
1447857832,103660
1447857833,89060
1447857834,94900
1447857835,227760
1447857836,1460
1447857837,127020
1447857838,106580
1447857840,1460
1447857843,1460
1447857851,52560
1447857852,91980
1447857853,93440
1447857854,93440
1447857855,92390
1447857856,75899
1447857857,75676
1447857858,95670
1447857859,141620
1447857860,214620
1447857862,459
1447857863,50086
1447857864,80300
1447857865,83220
1447857866,94900
1447857867,90520
1447857868,84680
1447857869,93440
1447857870,87600
1447857871,118260
1447857872,75920
1447857873,91980
1447857874,89060
1447857875,181845
1447857876,4349
1447857877,77311
1447857878,77136
1447857879,152996
1447857880,61543
1447857881,464280
1447857886,2920
