**************************overload****************************
1447857831,2862
1447857832,876
1447857833,1340
1447857834,1686
1447857835,876
1447857836,66
1447857837,2226
1447857838,1016
1447857839,336
1447857840,156
1447857841,156
1447857842,336
1447857843,242
1447857844,156
1447857845,156
1447857846,66
1447857847,66
1447857848,152
1447857849,66
1447857850,66
1447857851,1740
1447857852,1254
1447857853,1772
1447857854,1794
1447857855,1848
1447857856,2118
1447857857,2064
1447857858,1826
1447857859,2064
1447857860,1362
1447857861,66
1447857862,120
1447857863,2202
1447857864,1576
1447857865,2064
1447857866,1794
1447857867,1464
1447857868,1502
1447857869,1416
1447857870,984
1447857871,1200
1447857872,1524
1447857873,1664
1447857874,1632
1447857875,1308
1447857876,930
1447857877,1848
1447857878,2204
1447857879,3036
1447857880,1362
1447857881,2064
1447857882,66
1447857883,66
1447857884,66
1447857885,66
1447857886,66
1447857887,66
1447857888,152
1447857889,66
1447857890,156
1447857891,90
**************************payload****************************
1447857831,636
1447857832,180
1447857833,264
1447857834,360
1447857835,180
1447857837,492
1447857838,204
1447857851,384
1447857852,264
1447857853,360
1447857854,384
1447857855,396
1447857856,456
1447857857,444
1447857858,372
1447857859,456
1447857860,288
1447857862,12
1447857863,564
1447857864,312
1447857865,444
1447857866,384
1447857867,240
1447857868,300
1447857869,300
1447857870,204
1447857871,252
1447857872,324
1447857873,336
1447857874,348
1447857875,276
1447857876,192
1447857877,396
1447857878,456
1447857879,660
1447857880,288
1447857881,444
