**************************overload****************************
1447859381,422
1447859382,66
1447859383,336
1447859384,66
1447859385,336
1447859386,242
1447859387,246
1447859388,246
1447859389,156
1447859390,246
1447859391,242
1447859392,336
1447859393,66
1447859394,336
1447859395,66
1447859396,422
1447859397,156
1447859398,246
1447859399,156
1447859400,246
1447859401,332
1447859402,156
1447859403,246
1447859404,156
1447859405,336
1447859406,152
1447859407,336
1447859408,156
1447859409,246
1447859410,156
1447859411,332
1447859412,246
1447859413,156
1447859414,246
1447859415,156
1447859416,422
1447859417,66
1447859418,336
1447859419,66
1447859420,336
1447859421,242
1447859422,246
1447859423,246
1447859424,156
1447859425,246
1447859426,242
1447859427,336
1447859428,66
1447859429,336
1447859430,66
1447859431,422
1447859432,156
1447859433,246
1447859434,246
1447859435,156
1447859436,332
1447859437,156
1447859438,336
1447859439,66
1447859440,336
1447859441,152
1447859442,336
1447859443,156
1447859444,246
1447859445,156
1447859446,332
1447859447,246
1447859448,156
1447859449,246
1447859450,156
1447859451,422
1447859452,66
1447859453,336
1447859454,156
1447859455,246
1447859456,242
1447859457,246
1447859458,246
1447859459,156
1447859460,246
1447859461,242
1447859462,336
1447859463,66
1447859464,336
1447859465,66
1447859466,422
1447859467,156
1447859468,246
1447859469,246
1447859470,156
1447859471,242
1447859472,156
1447859473,156
1447859474,66
1447859475,66
1447859476,152
1447859477,66
1447859478,66
1447859479,66
1447859480,66
1447859481,152
1447859482,66
1447859483,66
1447859484,66
1447859485,66
1447859486,152
1447859487,66
1447859488,66
1447859489,66
1447859490,66
1447859491,152
1447859492,66
1447859493,66
1447859494,66
1447859495,66
1447859496,152
1447859497,66
1447859498,66
1447859499,66
1447859500,66
1447859501,152
1447859502,66
1447859503,66
1447859504,66
1447859505,66
1447859506,152
1447859507,66
1447859508,66
1447859509,66
1447859510,66
1447859511,152
1447859512,66
1447859514,66
1447859515,246
1447859516,404
1447859517,804
1447859518,1974
1447859519,2082
1447859520,2028
1447859521,1466
1447859522,1902
1447859523,1470
1447859524,1344
1447859525,1668
1447859526,1880
1447859527,1182
1447859528,2460
1447859529,5220
1447859530,4716
1447859531,176
1447859532,180
1447859533,156
1447859534,246
1447859535,156
1447859536,332
1447859537,156
1447859538,246
1447859539,180
1447859540,156
1447859541,332
1447859542,156
1447859543,336
1447859544,66
1447859545,246
1447859546,152
1447859547,66
1447859548,66
1447859549,426
1447859550,66
1447859551,422
1447859552,66
1447859553,246
1447859554,246
1447859555,246
1447859556,242
1447859557,246
1447859558,246
1447859559,156
1447859560,156
1447859561,332
1447859562,246
1447859563,156
1447859564,336
1447859565,66
1447859566,422
1447859567,66
1447859568,336
1447859569,66
1447859570,336
1447859571,152
1447859572,336
1447859573,66
1447859574,336
1447859575,156
1447859576,332
1447859577,156
1447859578,156
1447859579,66
1447859580,156
1447859581,152
1447859582,66
1447859583,66
1447859584,66
1447859585,66
1447859586,152
1447859587,66
1447859588,66
1447859589,66
1447859590,66
1447859591,152
1447859592,66
1447859593,66
1447859594,66
1447859595,66
1447859596,152
1447859597,66
1447859598,66
1447859599,66
1447859600,66
1447859601,152
1447859602,66
1447859603,66
1447859604,66
1447859605,66
1447859606,152
1447859607,66
1447859608,66
1447859609,66
1447859610,66
1447859611,152
1447859612,66
1447859613,66
1447859614,66
1447859615,66
1447859616,152
1447859617,66
1447859618,66
1447859619,66
1447859620,66
1447859621,152
1447859622,66
1447859623,66
1447859624,66
1447859625,66
1447859626,152
1447859627,66
1447859628,66
1447859629,246
1447859630,156
1447859631,422
1447859632,66
**************************payload****************************
1447859516,78
1447859517,2185
1447859518,384
1447859519,684
1447859520,492
1447859521,252
1447859522,348
1447859523,252
1447859524,264
1447859525,444
1447859526,324
1447859527,228
1447859528,564
1447859529,1140
1447859530,1008
