**************************overload****************************
1447857825,66
1447857826,66
1447857827,152
1447857828,66
1447857829,66
1447857831,66
1447857832,218
1447857833,66
1447857834,66
1447857835,66
1447857837,152
1447857838,66
1447857839,66
1447857840,66
1447857841,66
1447857842,218
1447857843,66
1447857845,66
1447857846,66
1447857847,218
1447857848,66
1447857849,66
1447857850,66
1447857851,66
1447857852,152
1447857853,66
1447857854,66
1447857856,66
1447857857,1232
1447857858,3144
1447857859,3306
1447857860,8154
1447857861,4320
1447857862,13478
1447857863,2754
1447857864,54
1447857865,54
1447857867,320
1447857868,1440
1447857869,900
1447857870,792
1447857871,792
1447857872,1268
1447857873,4332
1447857874,3672
1447857876,210
1447857877,120
1447857878,3940
1447857879,2808
1447857881,864
1447857882,2536
1447857883,120
1447857884,566
1447857885,66
1447857886,5020
1447857888,972
1447857889,1208
1447857891,1506
1447857892,1934
1447857893,6858
1447857896,2106
1447857897,2538
1447857898,1016
1447857899,90
1447857900,1216
1447857901,876
1447857902,5952
1447857903,13068
1447857906,54
1447857910,548
1447857911,66
1447857912,66
1447857913,66
1447857914,66
1447857915,66
1447857916,66
1447857917,66
1447857918,152
1447857919,66
1447857920,66
1447857921,66
1447857922,66
1447857923,152
1447857924,66
1447857925,66
1447857926,156
1447857927,66
1447857928,242
1447857929,66
1447857930,156
1447857931,66
1447857932,66
1447857933,152
1447857934,66
1447857935,66
1447857936,66
1447857937,66
1447857938,152
1447857940,66
1447857941,66
1447857942,156
1447857943,242
1447857944,66
1447857945,66
1447857946,156
1447857947,66
1447857948,152
1447857949,66
1447857950,66
1447857951,66
1447857952,66
1447857953,152
1447857954,66
1447857955,66
1447857956,66
1447857957,66
1447857958,242
1447857959,156
1447857960,66
1447857961,66
1447857962,156
1447857963,152
1447857964,66
1447857965,66
1447857966,66
1447857967,66
1447857968,152
1447857969,66
1447857970,66
1447857971,66
1447857972,66
1447857973,242
1447857974,66
1447857975,156
1447857976,66
1447857977,156
1447857978,152
1447857979,66
1447857980,66
1447857981,66
1447857982,66
1447857983,152
1447857984,66
1447857985,66
1447857986,66
1447857987,66
1447857988,152
1447857989,156
1447857990,66
1447857991,156
1447857992,66
1447857993,242
1447857994,66
1447857995,66
1447857996,66
1447857997,66
1447857998,152
1447857999,66
1447858000,66
1447858001,66
1447858002,66
1447858003,152
1447858004,66
1447858005,156
1447858006,66
1447858007,156
1447858008,152
1447858009,156
1447858010,66
1447858011,66
1447858012,66
1447858013,152
1447858014,66
1447858015,66
1447858016,66
1447858017,66
1447858018,152
1447858019,66
1447858020,66
1447858021,156
1447858022,66
1447858023,242
1447858024,66
1447858025,156
1447858026,66
1447858027,66
1447858028,152
1447858029,66
1447858030,66
1447858031,66
1447858032,66
1447858033,152
1447858034,66
1447858035,66
1447858036,66
1447858037,156
1447858038,242
1447858039,66
1447858040,66
1447858041,156
1447858042,66
1447858043,152
1447858044,66
1447858045,66
1447858046,66
1447858047,66
1447858048,152
1447858049,66
1447858050,66
1447858051,66
1447858052,66
1447858053,242
1447858054,156
1447858055,66
1447858056,66
1447858057,156
1447858058,152
1447858059,66
1447858060,66
1447858061,66
1447858062,66
1447858063,66
1447858064,66
1447858065,66
1447858066,66
1447858067,66
1447858068,242
1447858070,222
1447858071,66
1447858072,156
1447858073,86
1447858074,66
1447858075,246
**************************payload****************************
1447857857,17911
1447857858,81830
1447857859,87600
1447857860,220460
1447857861,116800
1447857862,362080
1447857863,73012
1447857864,1460
1447857865,1460
1447857867,1460
1447857872,27740
1447857873,115340
1447857874,99280
1447857876,1460
1447857877,1460
1447857878,103660
1447857879,75920
1447857881,22099
1447857882,45260
1447857883,1460
1447857884,2920
1447857886,132860
1447857888,24437
1447857889,11680
1447857891,36500
1447857892,48180
1447857893,184057
1447857896,55703
1447857897,67623
1447857898,16060
1447857901,21900
1447857902,157837
1447857903,353320
1447857906,1460
1447857910,5840
