**************************overload****************************
1447859659,66
1447859660,66
1447859661,66
1447859662,66
1447859663,152
1447859664,66
1447859665,66
1447859666,66
1447859667,66
1447859668,152
1447859669,66
1447859670,66
1447859671,66
1447859672,226
1447859673,66
1447859674,2170
1447859675,3198
1447859676,3252
1447859677,3338
1447859678,3306
1447859679,1956
1447859680,2052
1447859681,2226
1447859682,2204
1447859683,2280
1447859684,2550
1447859685,1686
1447859686,2100
1447859687,1830
1447859688,3392
1447859689,1092
1447859690,1974
1447859691,2088
1447859692,1992
1447859693,3068
1447859694,1578
1447859695,1794
1447859696,2340
1447859697,1668
1447859698,2154
1447859699,2114
1447859700,2082
1447859701,2100
1447859702,2676
1447859703,1452
1447859704,3684
1447859705,864
1447859706,1736
1447859707,4656
1447859709,3456
1447859710,336
1447859711,7668
1447859714,572
1447859715,930
1447859716,334
1447859717,514
1447859718,914
1447859719,156
1447859720,196
1447859721,1896
1447859722,836
1447859723,1132
1447859724,2172
1447859725,2010
1447859726,2118
1447859727,2064
1447859728,1862
1447859729,3306
1447859730,2766
1447859731,1326
1447859732,696
1447859733,3482
1447859734,156
1447859735,246
1447859736,156
1447859737,156
1447859738,246
1447859739,66
1447859740,336
1447859741,66
1447859742,336
1447859743,152
1447859744,336
1447859745,66
1447859746,246
1447859747,156
1447859748,332
1447859749,156
1447859750,156
1447859751,246
1447859752,66
1447859753,422
1447859754,66
1447859755,336
1447859756,66
1447859757,246
1447859758,242
1447859759,246
1447859760,156
1447859761,156
1447859762,246
1447859763,152
1447859764,336
1447859765,66
1447859766,336
1447859767,66
1447859768,332
1447859769,156
1447859770,246
1447859771,156
1447859772,156
1447859773,332
1447859775,336
1447859776,66
1447859777,336
1447859778,152
1447859779,312
1447859780,156
1447859781,180
1447859782,156
1447859783,242
1447859784,246
1447859785,66
1447859786,336
1447859787,66
1447859788,422
1447859789,66
1447859790,336
1447859791,66
1447859792,246
1447859793,242
1447859794,156
1447859795,246
1447859796,156
1447859797,246
1447859798,152
1447859799,336
1447859800,66
1447859801,336
1447859802,66
1447859803,332
1447859804,156
1447859805,246
1447859806,156
1447859807,156
1447859808,332
1447859809,66
1447859810,336
1447859811,66
1447859812,336
1447859813,152
1447859814,246
1447859815,156
1447859816,246
1447859817,156
1447859818,242
1447859819,246
1447859820,66
1447859821,336
1447859822,66
1447859823,422
1447859824,66
1447859825,246
1447859826,156
1447859827,246
1447859828,242
1447859829,156
1447859830,246
1447859831,66
1447859832,336
1447859833,152
1447859834,336
1447859835,66
1447859836,246
1447859837,156
1447859838,332
1447859839,156
1447859840,156
1447859841,246
1447859842,156
1447859843,332
1447859844,66
1447859845,336
1447859846,66
1447859847,336
1447859848,152
1447859849,246
1447859850,156
1447859851,246
1447859852,156
1447859853,242
1447859854,246
1447859855,66
1447859856,336
1447859857,66
1447859858,422
1447859859,66
1447859860,246
1447859861,156
1447859862,246
1447859863,156
1447859864,156
1447859865,246
1447859866,66
1447859867,336
1447859868,152
1447859869,336
1447859870,66
1447859871,246
1447859872,156
1447859873,246
1447859874,156
1447859875,156
1447859876,246
1447859877,66
1447859878,422
1447859879,66
1447859880,336
1447859881,66
1447859882,246
1447859883,156
1447859884,246
1447859885,156
1447859886,156
1447859887,246
1447859888,152
1447859889,336
1447859890,66
1447859891,270
1447859892,66
1447859893,422
1447859894,66
1447859895,246
1447859896,156
1447859897,246
1447859898,242
1447859899,156
1447859900,246
1447859901,66
1447859902,336
1447859903,152
1447859904,336
1447859905,66
1447859906,156
**************************payload****************************
1447859672,20
1447859674,42288
1447859675,75839
1447859676,72744
1447859677,82429
1447859678,65700
1447859679,51100
1447859680,53636
1447859681,36500
1447859682,55480
1447859683,37960
1447859684,67160
1447859685,43800
1447859686,52560
1447859687,45260
1447859688,87600
1447859689,27740
1447859690,46720
1447859691,54020
1447859692,49640
1447859693,78840
1447859694,33580
1447859695,46720
1447859696,58400
1447859697,40880
1447859698,54020
1447859699,48180
1447859700,49640
1447859701,52560
1447859702,65700
1447859703,35040
1447859704,97820
1447859705,23360
1447859706,37960
1447859707,124100
1447859709,93074
1447859711,207320
1447859714,13140
1447859715,8760
1447859716,4380
1447859721,10220
1447859722,16060
1447859723,27740
1447859724,49640
1447859725,52560
1447859726,55480
1447859727,54020
1447859728,29200
