**************************overload****************************
1447859653,66
1447859654,66
1447859655,66
1447859656,66
1447859657,152
1447859658,66
1447859659,66
1447859660,66
1447859661,66
1447859662,152
1447859663,66
1447859664,66
1447859665,66
1447859666,66
1447859667,152
1447859668,66
1447859669,66
1447859670,66
1447859671,66
1447859672,152
1447859673,66
1447859674,66
1447859675,66
1447859676,66
1447859677,152
1447859678,66
1447859679,66
1447859680,66
1447859681,66
1447859682,152
1447859683,66
1447859684,66
1447859685,66
1447859686,66
1447859687,152
1447859688,66
1447859689,66
1447859690,66
1447859691,66
1447859692,152
1447859693,66
1447859694,66
1447859695,66
1447859696,66
1447859697,152
1447859698,66
1447859699,66
1447859700,66
1447859701,66
1447859702,152
1447859703,66
1447859704,66
1447859705,66
1447859706,66
1447859707,152
1447859708,66
1447859709,66
1447859710,66
1447859711,66
1447859712,152
1447859713,66
1447859714,66
1447859715,66
1447859716,66
1447859717,66
1447859718,66
1447859719,66
1447859720,66
1447859721,66
1447859722,152
1447859723,66
1447859724,66
1447859725,66
1447859726,66
1447859727,66
1447859728,66
1447859729,66
1447859730,66
1447859731,66
1447859732,152
1447859733,66
1447859734,66
1447859735,66
1447859736,66
1447859737,66
1447859738,66
1447859739,66
1447859740,66
1447859741,66
1447859742,152
1447859743,66
1447859744,66
1447859745,66
1447859746,66
1447859747,66
1447859748,66
1447859749,66
1447859750,66
1447859751,66
1447859752,152
1447859753,66
1447859754,66
1447859755,66
1447859756,66
1447859757,152
1447859758,66
1447859759,66
1447859760,66
1447859761,66
1447859762,152
1447859763,66
1447859764,66
1447859765,66
1447859766,66
1447859767,66
1447859768,66
1447859769,66
1447859770,66
1447859771,66
1447859772,152
1447859774,278
1447859775,2388
1447859776,2550
1447859777,1556
1447859778,282
1447859779,2658
1447859780,2010
1447859781,696
1447859782,242
1447859783,66
1447859784,66
1447859785,156
1447859786,66
1447859787,66
1447859788,66
1447859789,2010
1447859790,1848
1447859791,2010
1447859792,2312
1447859793,912
1447859794,156
1447859795,336
1447859796,66
1447859797,512
1447859798,66
1447859799,66
1447859800,246
1447859801,696
1447859802,1646
1447859803,1902
1447859804,246
1447859805,66
1447859806,66
1447859807,152
1447859808,132
1447859809,66
1447859810,66
1447859811,66
1447859812,152
1447859813,66
1447859814,66
1447859816,66
1447859817,152
1447859818,66
1447859819,66
1447859820,66
1447859821,66
1447859822,152
1447859823,66
1447859824,66
1447859825,66
1447859826,66
1447859827,152
1447859828,66
1447859829,66
1447859830,66
1447859831,66
1447859832,152
1447859833,66
1447859834,66
1447859835,66
1447859836,66
1447859837,152
1447859838,66
1447859839,66
1447859840,66
1447859841,66
1447859842,152
1447859843,66
1447859844,66
1447859845,66
1447859846,66
1447859847,152
1447859848,66
1447859849,66
1447859850,66
1447859851,66
1447859852,152
1447859853,66
1447859854,66
1447859855,66
1447859856,66
1447859857,152
1447859858,66
1447859859,66
1447859860,66
1447859861,66
1447859862,152
1447859863,66
1447859864,66
1447859865,66
1447859866,66
1447859867,152
1447859868,66
1447859869,66
1447859870,66
1447859871,66
1447859872,152
1447859873,66
1447859874,66
1447859875,66
1447859876,66
1447859877,152
1447859878,66
1447859879,66
1447859880,66
1447859881,66
1447859882,152
1447859883,66
1447859884,66
1447859885,66
1447859886,66
1447859887,152
1447859888,66
1447859889,66
1447859890,66
1447859891,66
1447859892,152
1447859893,66
1447859894,66
1447859895,66
1447859896,66
1447859897,152
1447859898,66
1447859899,66
1447859900,66
1447859901,66
1447859902,152
1447859903,246
**************************payload****************************
1447859775,516
1447859776,552
1447859777,312
1447859778,48
1447859779,576
1447859780,528
1447859781,120
1447859789,444
1447859790,396
1447859791,432
1447859792,480
1447859793,108
1447859801,132
1447859802,312
1447859803,408
