**************************overload****************************
1447859373,66
1447859374,152
1447859375,66
1447859376,66
1447859377,66
1447859378,66
1447859379,152
1447859380,66
1447859381,66
1447859382,66
1447859383,66
1447859384,152
1447859385,66
1447859386,66
1447859387,66
1447859388,66
1447859389,152
1447859390,66
1447859391,66
1447859392,66
1447859393,66
1447859394,152
1447859395,66
1447859396,66
1447859397,66
1447859398,66
1447859399,152
1447859400,66
1447859401,66
1447859402,66
1447859403,66
1447859404,152
1447859405,66
1447859406,66
1447859407,66
1447859408,66
1447859409,152
1447859410,66
1447859411,66
1447859412,66
1447859413,66
1447859414,3068
1447859415,2712
1447859416,5682
1447859417,12582
1447859418,8262
1447859419,9752
1447859420,108
1447859421,54
1447859424,140
1447859425,336
1447859426,450
1447859427,988
1447859428,876
1447859429,5606
1447859430,10476
1447859431,5832
1447859432,1242
1447859439,638
1447859440,66
1447859441,406
1447859442,156
1447859443,66
1447859444,156
1447859445,156
1447859446,66
1447859447,66
1447859448,246
1447859449,152
1447859450,156
1447859451,66
1447859452,246
1447859453,66
1447859454,242
1447859455,66
1447859456,246
1447859457,66
1447859458,804
1447859459,2096
1447859460,1992
1447859461,9486
1447859462,972
1447859464,86
1447859465,630
1447859466,210
1447859467,156
1447859468,156
1447859469,246
1447859470,246
1447859471,512
1447859472,336
1447859473,516
1447859474,426
1447859475,606
1447859476,602
1447859477,606
1447859478,606
1447859479,606
1447859480,606
1447859481,692
1447859482,606
1447859483,606
1447859484,606
1447859485,606
1447859486,606
1447859487,606
1447859488,606
1447859489,606
1447859490,606
1447859491,692
1447859492,606
1447859493,606
1447859494,606
1447859495,606
1447859496,692
1447859497,606
1447859498,606
1447859499,606
1447859500,516
1447859501,512
1447859502,426
1447859503,426
1447859504,336
1447859505,336
1447859506,422
1447859507,336
1447859508,336
1447859509,336
1447859510,336
1447859511,422
1447859512,336
1447859513,336
1447859514,336
1447859515,336
1447859516,332
1447859517,336
1447859518,156
1447859519,246
1447859520,66
1447859521,266
1447859522,66
1447859523,156
1447859524,132
1447859525,156
1447859526,242
1447859527,90
1447859528,66
1447859529,132
1447859530,246
1447859531,176
1447859532,132
1447859533,66
1447859534,246
1447859535,90
1447859536,152
1447859537,66
1447859538,246
1447859539,156
1447859540,66
1447859541,152
1447859542,246
1447859543,156
1447859544,66
1447859545,66
1447859546,332
1447859547,156
1447859548,66
1447859549,66
1447859550,246
1447859551,242
1447859552,66
1447859553,66
1447859554,246
1447859555,156
1447859556,152
1447859557,66
1447859558,246
1447859559,156
1447859560,66
1447859561,152
1447859562,246
1447859563,156
1447859564,66
1447859565,66
1447859566,332
1447859567,156
1447859568,66
1447859569,66
1447859570,246
1447859571,242
1447859572,66
1447859573,66
1447859574,246
1447859575,156
1447859576,152
1447859577,66
1447859578,246
1447859579,156
1447859580,66
1447859581,152
1447859582,246
1447859583,156
1447859584,66
1447859585,66
1447859586,332
1447859587,156
1447859588,66
1447859589,66
1447859590,246
1447859591,242
1447859592,66
1447859593,66
1447859594,246
1447859595,156
1447859596,152
1447859597,66
1447859598,246
1447859599,156
1447859600,66
1447859601,152
1447859602,246
1447859603,156
1447859604,66
1447859605,66
1447859606,332
1447859607,156
1447859608,66
1447859609,66
1447859610,156
1447859611,152
1447859612,66
1447859613,66
1447859614,156
1447859615,156
1447859616,152
1447859617,66
1447859618,156
1447859619,66
1447859620,66
1447859621,66
1447859622,156
1447859623,156
1447859624,66
1447859625,66
1447859626,242
1447859627,66
1447859628,66
1447859629,66
1447859630,156
1447859631,242
1447859632,66
1447859633,66
1447859634,156
1447859635,66
1447859636,152
1447859637,66
1447859638,156
1447859639,156
1447859640,66
1447859641,152
1447859642,156
1447859643,66
1447859644,66
1447859645,66
1447859646,156
1447859647,156
1447859648,66
1447859649,66
1447859650,156
1447859651,152
1447859652,66
1447859653,66
1447859654,156
1447859655,66
1447859656,156
1447859657,66
1447859658,156
1447859659,66
1447859660,66
1447859661,152
1447859662,336
1447859663,336
1447859664,66
1447859665,66
1447859666,426
1447859667,246
1447859668,66
1447859669,156
1447859670,246
1447859671,66
**************************payload****************************
1447859414,60551
1447859415,64540
1447859416,151840
1447859417,340180
1447859418,223380
1447859419,261340
1447859420,2920
1447859421,1460
1447859424,1460
1447859428,21900
1447859429,147460
1447859430,283240
1447859431,157680
1447859432,33580
1447859439,5840
1447859441,1460
1447859458,17520
1447859459,52560
1447859460,49640
1447859461,254040
1447859462,25305
1447859465,13363
1447859466,1460
