**************************overload****************************
1447857725,152
1447857726,66
1447857727,66
1447857728,1416
1447857729,3468
1447857730,1502
1447857731,1470
1447857732,1470
1447857733,1200
1447857734,1408
1447857735,2570
1447857736,926
1447857737,1200
1447857738,982
1447857739,980
1447857740,1664
1447857741,1848
1447857742,1254
1447857743,2064
1447857744,2010
1447857745,2064
1447857746,1340
1447857747,66
1447857748,66
1447857749,66
1447857751,2366
1447857752,2658
1447857753,2658
1447857754,1632
1447857755,2118
1447857756,4094
1447857757,2874
1447857758,3252
1447857759,2874
1447857760,3522
1447857761,2366
1447857762,2496
1447857763,2604
1447857764,106
1447857765,1130
1447857766,1550
1447857767,2226
1447857768,1566
1447857769,2870
1447857770,1578
1447857771,2204
1447857772,2118
1447857773,1848
1447857774,1578
1447857775,1254
1447857776,2690
1447857777,2118
1447857778,3036
1447857779,2748
1447857780,1740
1447857781,2910
**************************payload****************************
1447857728,300
1447857729,756
1447857730,300
1447857731,312
1447857732,312
1447857733,252
1447857734,372
1447857735,1044
1447857736,144
1447857737,252
1447857738,180
1447857739,156
1447857740,336
1447857741,396
1447857742,264
1447857743,444
1447857744,432
1447857745,444
1447857746,192
1447857751,576
1447857752,588
1447857753,576
1447857754,348
1447857755,456
1447857756,1212
1447857757,1432
1447857758,1308
1447857759,1184
1447857760,972
1447857761,588
1447857762,876
1447857763,1144
1447857765,144
1447857766,348
1447857767,684
1447857768,552
1447857769,844
1447857770,336
1447857771,456
1447857772,456
1447857773,396
1447857774,336
1447857775,264
1447857776,564
1447857777,540
1447857778,1044
1447857779,336
1447857780,468
1447857781,552
