**************************overload****************************
1447857727,66
1447857728,2064
1447857729,3576
1447857730,4730
1447857731,3792
1447857732,3900
1447857733,336
1447857734,5160
1447857735,6398
1447857736,1470
1447857737,1794
1447857738,6510
1447857739,174
1447857740,1718
1447857741,4914
1447857742,2388
1447857743,3306
1447857744,3414
1447857745,3446
1447857746,1686
1447857747,66
1447857748,66
1447857749,66
1447857750,152
1447857751,3414
1447857752,3576
1447857753,3468
1447857754,3522
1447857755,3576
1447857756,3230
1447857757,3252
1447857758,2280
1447857759,3468
1447857760,3564
1447857761,3608
1447857762,3360
1447857763,2280
1447857764,2496
1447857765,2298
1447857766,2096
1447857767,2874
1447857768,3918
1447857769,2820
1447857770,3522
1447857771,3284
1447857772,3522
1447857773,3576
1447857774,3468
1447857775,3576
1447857776,3608
1447857777,3468
1447857778,3576
1447857779,3468
1447857780,2226
1447857781,2604
1447857782,66
**************************payload****************************
1447857728,49072
1447857729,94900
1447857730,125560
1447857731,100613
1447857732,103660
1447857734,37960
1447857735,71540
1447857736,36807
1447857737,46720
1447857738,81760
1447857739,2920
1447857740,42340
1447857741,132860
1447857742,62780
1447857743,82823
1447857744,75676
1447857745,72979
1447857746,37496
1447857751,75520
1447857752,94900
1447857753,90743
1447857754,93440
1447857755,94900
1447857756,83220
1447857757,86140
1447857758,59860
1447857759,91980
1447857760,96360
1447857761,93440
1447857762,89060
1447857763,59860
1447857765,11680
1447857766,52560
1447857767,75920
1447857768,62780
1447857769,74460
1447857770,93440
1447857771,84680
1447857772,93440
1447857773,94900
1447857774,91980
1447857775,94900
1447857776,93440
1447857777,91980
1447857778,94900
1447857779,91980
1447857780,58400
1447857781,67172
