**************************overload****************************
1447860171,152
1447860172,66
1447860173,66
1447860174,66
1447860175,66
1447860176,152
1447860177,156
1447860178,156
1447860179,66
1447860180,66
1447860181,242
1447860182,66
1447860183,66
1447860184,66
1447860185,66
1447860186,152
1447860187,66
1447860188,66
1447860189,66
1447860190,66
1447860191,366
1447860192,336
1447860193,66
1447860194,1362
1447860195,4278
1447860196,3878
1447860197,3144
1447860198,1740
1447860199,984
1447860200,1308
1447860201,1448
1447860202,1416
1447860203,1578
1447860204,1200
1447860205,1200
1447860206,1286
1447860207,660
1447860208,1200
1447860209,552
1447860210,876
1447860211,1070
1447860212,1848
1447860213,120
1447860214,66
1447860215,66
1447860216,152
1447860217,66
1447860218,66
1447860219,66
1447860220,66
1447860221,152
1447860222,66
1447860223,66
1447860224,66
1447860225,66
1447860226,152
1447860227,66
1447860228,66
1447860229,66
1447860230,66
1447860231,152
1447860232,66
1447860233,66
1447860234,66
1447860235,66
1447860236,152
1447860237,66
1447860238,66
1447860239,66
1447860240,66
1447860241,152
1447860242,66
1447860243,66
1447860244,66
1447860245,66
1447860246,152
1447860247,66
1447860248,66
1447860249,246
1447860250,246
1447860251,152
1447860252,66
1447860253,246
1447860254,66
1447860255,156
1447860256,152
1447860257,156
1447860259,156
1447860260,66
1447860261,152
1447860262,156
1447860263,66
1447860264,156
1447860265,66
1447860266,242
1447860267,66
1447860268,66
1447860269,156
1447860270,156
1447860271,152
1447860272,66
1447860273,156
1447860274,66
1447860275,66
1447860276,242
1447860277,156
1447860278,66
1447860279,66
1447860280,156
1447860281,152
1447860282,156
1447860283,66
1447860284,156
1447860285,66
1447860286,242
1447860287,66
1447860288,66
1447860289,156
1447860290,66
1447860291,620
1447860292,1902
1447860293,8382
1447860294,9774
1447860295,7128
1447860296,7106
1447860297,6102
1447860301,86
1447860304,300
1447860305,1524
1447860306,3374
1447860307,2658
1447860308,3180
1447860309,3090
1447860310,5400
1447860311,9212
1447860312,10476
1447860313,2052
1447860316,86
1447860317,210
1447860318,9612
1447860319,9180
1447860320,5076
1447860321,648
1447860324,242
1447860326,120
1447860327,246
1447860328,156
1447860329,314
1447860330,282
1447860331,156
1447860332,66
1447860333,156
1447860334,152
1447860335,156
1447860336,66
1447860337,156
1447860338,66
1447860339,152
1447860340,156
1447860341,66
1447860342,156
1447860343,66
1447860344,242
1447860345,66
1447860346,66
1447860347,156
1447860348,66
1447860349,242
1447860350,66
1447860351,156
1447860352,66
1447860353,66
1447860354,242
1447860355,156
1447860356,66
1447860357,66
1447860358,156
1447860359,152
1447860360,66
1447860361,66
1447860362,66
1447860363,66
1447860364,152
1447860365,66
1447860366,66
1447860367,66
1447860368,66
1447860369,152
1447860370,66
1447860371,66
1447860372,66
1447860373,66
1447860374,152
1447860375,66
1447860376,66
1447860377,66
1447860378,66
1447860379,152
1447860380,66
1447860381,66
1447860382,66
1447860383,66
1447860384,152
1447860385,66
1447860386,66
1447860387,66
1447860388,66
1447860389,152
1447860390,66
1447860391,66
1447860392,66
1447860393,66
1447860394,152
1447860395,66
1447860396,66
1447860397,66
1447860398,66
1447860399,152
1447860400,66
1447860401,66
1447860402,66
1447860403,66
1447860404,152
1447860405,66
1447860406,66
1447860407,66
1447860408,66
1447860409,152
1447860410,66
1447860411,66
1447860412,156
**************************payload****************************
1447860191,32
1447860192,3109
1447860194,288
1447860195,936
1447860196,828
1447860197,684
1447860198,372
1447860199,264
1447860200,276
1447860201,288
1447860202,300
1447860203,336
1447860204,252
1447860205,252
1447860206,252
1447860207,132
1447860208,252
1447860209,108
1447860210,180
1447860211,204
1447860212,396
1447860213,12
1447860291,3141
1447860292,45507
1447860293,222933
1447860294,262677
1447860295,192720
1447860296,189800
1447860297,164980
1447860304,1460
1447860305,39420
1447860306,84680
1447860307,62857
1447860308,77023
1447860309,71500
1447860310,140830
1447860311,244171
1447860312,281053
1447860313,55480
1447860317,1460
1447860318,259880
1447860319,248200
1447860320,137240
1447860321,17144
1447860326,12
1447860329,78
1447860330,3063
