**************************overload****************************
1447860169,66
1447860170,66
1447860171,152
1447860172,66
1447860173,66
1447860174,66
1447860175,66
1447860176,152
1447860177,66
1447860178,66
1447860179,66
1447860180,66
1447860181,152
1447860182,66
1447860183,66
1447860184,66
1447860185,66
1447860186,152
1447860187,66
1447860188,66
1447860189,66
1447860190,66
1447860191,152
1447860192,66
1447860193,66
1447860194,66
1447860195,66
1447860196,152
1447860197,66
1447860198,66
1447860199,66
1447860200,66
1447860201,152
1447860202,66
1447860203,66
1447860204,66
1447860205,66
1447860206,152
1447860207,66
1447860208,66
1447860209,66
1447860210,66
1447860211,152
1447860212,66
1447860213,66
1447860214,66
1447860215,66
1447860216,152
1447860217,66
1447860218,66
1447860219,66
1447860220,66
1447860221,152
1447860222,66
1447860223,66
1447860224,66
1447860225,66
1447860226,152
1447860227,66
1447860228,66
1447860229,66
1447860230,66
1447860231,152
1447860232,66
1447860233,66
1447860234,66
1447860235,66
1447860236,152
1447860237,66
1447860238,66
1447860239,66
1447860240,66
1447860241,152
1447860242,66
1447860243,66
1447860244,66
1447860245,66
1447860246,152
1447860247,66
1447860248,66
1447860249,66
1447860250,66
1447860251,152
1447860252,66
1447860253,66
1447860254,66
1447860255,66
1447860256,152
1447860257,66
1447860258,66
1447860259,66
1447860260,66
1447860261,152
1447860262,66
1447860263,66
1447860264,66
1447860265,66
1447860266,152
1447860267,66
1447860268,66
1447860269,66
1447860270,66
1447860271,152
1447860272,66
1447860273,66
1447860274,66
1447860275,66
1447860276,152
1447860277,66
1447860278,66
1447860279,66
1447860280,66
1447860281,86
1447860282,66
1447860283,66
1447860284,132
1447860285,66
1447860286,152
1447860287,66
1447860288,66
1447860289,156
1447860291,512
1447860292,1362
1447860293,2712
1447860294,1308
1447860295,2118
1447860296,1718
1447860297,1704
1447860298,66
1447860299,246
1447860300,66
1447860301,332
1447860302,66
1447860303,66
1447860304,156
1447860305,1290
1447860306,1592
1447860307,1308
1447860308,1434
1447860309,1578
1447860310,1146
1447860311,854
1447860312,1362
1447860313,912
1447860314,66
1447860315,426
1447860316,152
1447860317,516
1447860318,1632
1447860319,1992
1447860320,1524
1447860321,944
1447860322,246
1447860323,66
1447860324,246
1447860325,66
1447860326,386
1447860327,246
1447860328,156
1447860329,282
1447860330,336
1447860331,242
1447860332,66
1447860333,156
1447860334,66
1447860335,156
1447860336,152
1447860337,66
1447860338,156
1447860339,66
1447860340,156
1447860341,152
1447860342,156
1447860343,66
1447860344,156
1447860345,66
1447860346,152
1447860347,156
1447860348,66
1447860349,156
1447860350,66
1447860351,242
1447860352,66
1447860353,66
1447860354,156
1447860355,156
1447860356,152
1447860357,66
1447860358,156
1447860359,66
1447860360,66
1447860361,152
1447860362,66
1447860363,66
1447860364,66
1447860365,66
1447860366,152
1447860367,66
1447860368,66
1447860369,66
1447860370,66
1447860371,152
1447860372,66
1447860373,66
1447860374,66
1447860375,66
1447860376,152
1447860377,66
1447860378,66
1447860379,66
1447860380,66
1447860381,152
1447860382,66
1447860383,66
1447860384,66
1447860385,66
1447860386,152
1447860387,66
1447860388,66
1447860389,66
1447860390,66
1447860391,152
1447860392,66
1447860393,66
1447860394,66
1447860395,66
1447860396,152
1447860397,66
1447860398,66
1447860400,66
1447860401,152
1447860402,66
1447860403,66
1447860404,66
1447860405,246
1447860406,152
1447860407,246
1447860408,66
1447860409,336
1447860410,66
1447860411,156
**************************payload****************************
1447860291,102
1447860292,2329
1447860293,588
1447860294,276
1447860295,540
1447860296,348
1447860297,324
1447860305,264
1447860306,300
1447860307,276
1447860308,264
1447860309,336
1447860310,240
1447860311,156
1447860312,288
1447860313,108
1447860318,360
1447860319,408
1447860320,360
1447860321,228
1447860326,13
1447860329,90
1447860330,2065
