**************************overload****************************
1447860173,156
1447860174,66
1447860175,156
1447860176,66
1447860177,152
1447860178,156
1447860179,66
1447860180,66
1447860182,152
1447860183,66
1447860184,66
1447860185,66
1447860186,156
1447860187,152
1447860188,156
1447860189,66
1447860190,156
1447860191,282
1447860192,368
1447860193,66
1447860194,3198
1447860195,12378
1447860196,21774
1447860197,15650
1447860198,4008
1447860199,2010
1447860200,2712
1447860201,2982
1447860202,3284
1447860203,3306
1447860204,3306
1447860205,3306
1447860206,3198
1447860207,3554
1447860208,3468
1447860209,3510
1447860210,2658
1447860211,3252
1447860212,8726
1447860214,66
1447860215,66
1447860216,66
1447860217,152
1447860218,66
1447860219,66
1447860220,66
1447860221,66
1447860222,152
1447860223,66
1447860224,66
1447860225,66
1447860226,66
1447860227,152
1447860228,66
1447860229,66
1447860230,66
1447860231,66
1447860232,152
1447860233,66
1447860234,66
1447860235,66
1447860236,66
1447860237,152
1447860238,66
1447860239,66
1447860240,66
1447860241,66
1447860242,152
1447860243,66
1447860244,66
1447860245,66
1447860246,66
1447860247,152
1447860248,66
1447860249,66
1447860250,66
1447860251,66
1447860252,266
1447860253,156
1447860254,336
1447860255,66
1447860256,336
1447860257,332
1447860258,156
1447860259,156
1447860260,246
1447860261,246
1447860262,242
1447860263,246
1447860264,246
1447860265,246
1447860266,246
1447860267,422
1447860268,156
1447860269,246
1447860270,336
1447860271,156
1447860272,332
1447860273,336
1447860274,156
1447860275,246
1447860276,336
1447860277,242
1447860278,246
1447860279,336
1447860280,156
1447860281,246
1447860282,422
1447860283,156
1447860284,246
1447860285,336
1447860286,156
1447860287,332
1447860288,336
1447860289,156
1447860290,246
1447860291,336
1447860292,242
1447860293,246
1447860294,336
1447860295,156
1447860296,246
1447860297,422
1447860298,246
1447860299,156
1447860300,336
1447860301,246
1447860302,332
1447860303,246
1447860304,246
1447860305,246
1447860306,246
1447860307,422
1447860308,156
1447860309,246
1447860310,336
1447860311,156
1447860312,332
1447860313,336
1447860314,156
1447860315,246
1447860316,336
1447860317,242
1447860318,246
1447860319,336
1447860320,156
1447860321,246
1447860322,422
1447860323,156
1447860324,246
1447860325,336
1447860326,156
1447860327,332
1447860328,336
1447860329,156
1447860330,246
1447860331,336
1447860332,242
1447860333,246
1447860334,336
1447860335,156
1447860336,246
1447860337,422
1447860338,246
1447860339,156
1447860340,336
1447860341,246
1447860342,332
1447860343,246
1447860344,246
1447860345,246
1447860346,246
1447860347,422
1447860348,156
1447860349,246
1447860350,336
1447860351,156
1447860352,332
1447860353,336
1447860354,156
1447860355,246
1447860356,246
1447860357,242
1447860358,66
1447860359,156
1447860360,66
1447860361,66
1447860362,152
1447860363,66
1447860364,66
1447860365,66
1447860366,66
1447860367,66
1447860368,152
1447860369,66
1447860370,66
1447860371,66
1447860372,66
1447860373,152
1447860374,66
1447860375,66
1447860376,66
1447860377,66
1447860378,152
1447860379,66
1447860380,66
1447860381,66
1447860382,66
1447860383,152
1447860384,66
1447860385,66
1447860386,66
1447860387,66
1447860388,152
1447860389,66
1447860390,66
1447860391,66
1447860392,66
1447860393,152
1447860394,66
1447860395,66
1447860396,66
1447860397,66
1447860398,152
1447860399,66
1447860400,66
1447860401,66
1447860402,66
1447860403,152
1447860404,66
1447860405,66
1447860406,66
1447860407,66
1447860408,152
1447860409,66
1447860410,66
1447860411,66
1447860412,66
1447860413,86
**************************payload****************************
1447860191,90
1447860192,48
1447860194,82013
1447860195,332880
1447860196,586920
1447860197,419020
1447860198,94804
1447860199,45251
1447860200,63092
1447860201,78840
1447860202,84680
1447860203,87600
1447860204,87600
1447860205,87600
1447860206,84680
1447860207,91980
1447860208,91980
1447860209,94900
1447860210,70080
1447860211,86140
1447860212,225121
