**************************overload****************************
1447858485,2204
1447858486,2820
1447858487,3252
1447858488,3360
1447858489,3198
1447858490,1826
1447858491,3414
1447858492,3522
1447858493,3576
1447858494,3252
1447858495,3770
1447858496,3792
1447858497,2712
1447858498,4086
1447858499,8262
1447858500,15120
1447858501,3942
1447858502,15174
1447858510,1272
1447858511,1948
1447858513,4042
1447858514,4968
1447858515,6458
1447858516,9612
1447858517,19656
1447858518,8802
1447858519,1242
1447858520,86
1447858527,194
1447858528,386
1447858529,66
1447858530,282
1447858531,2224
1447858532,3466
1447858533,2904
1447858534,3738
1447858535,3522
1447858536,3522
1447858537,4494
1447858538,2840
1447858539,3522
1447858540,5034
1447858541,606
**************************payload****************************
1447858485,51376
1447858486,63749
1447858487,72744
1447858488,74216
1447858489,70955
1447858490,29023
1447858491,80835
1447858492,93258
1447858493,94900
1447858494,85143
1447858495,97820
1447858496,94218
1447858497,70303
1447858498,64240
1447858499,223380
1447858500,408800
1447858501,106580
1447858502,410260
1447858510,29200
1447858513,58400
1447858514,134320
1447858515,172280
1447858516,259880
1447858517,531440
1447858518,237980
1447858519,33580
1447858527,1508
1447858528,1508
1447858530,4392
1447858531,55480
1447858532,89060
1447858533,71540
1447858534,99280
1447858535,91995
1447858536,93440
1447858537,119567
1447858538,74460
1447858539,93440
1447858540,134320
1447858541,14600
