**************************overload****************************
1447858483,66
1447858484,66
1447858485,1610
1447858486,2064
1447858487,2172
1447858488,1902
1447858489,1740
1447858490,1286
1447858491,2766
1447858492,2658
1447858493,3036
1447858494,4548
1447858495,3488
1447858496,3132
1447858497,2658
1447858498,3826
1447858499,4476
1447858500,3554
1447858501,3414
1447858502,3720
1447858503,66
1447858504,426
1447858505,66
1447858506,426
1447858507,66
1447858508,156
1447858509,66
1447858510,152
1447858511,156
1447858512,156
1447858513,3684
1447858514,3510
1447858515,5174
1447858516,3576
1447858517,2820
1447858518,2658
1447858519,1200
1447858520,512
1447858521,606
1447858522,156
1447858523,876
1447858524,156
1447858525,152
1447858526,66
1447858527,66
1447858528,426
1447858529,336
1447858530,242
1447858531,1632
1447858532,2172
1447858533,1254
1447858534,2334
1447858535,1578
1447858536,2874
1447858537,1902
1447858538,3176
1447858539,1740
**************************payload****************************
1447858485,324
1447858486,444
1447858487,468
1447858488,408
1447858489,372
1447858490,300
1447858491,600
1447858492,576
1447858493,744
1447858494,1752
1447858495,816
1447858496,900
1447858497,908
1447858498,636
1447858499,924
1447858500,804
1447858501,924
1447858502,432
1447858513,648
1447858514,780
1447858515,816
1447858516,1032
1447858517,492
1447858518,276
1447858519,72
1447858531,372
1447858532,408
1447858533,264
1447858534,504
1447858535,336
1447858536,624
1447858537,408
1447858538,672
1447858539,276
