**************************overload****************************
1447859121,66
1447859122,152
1447859123,66
1447859124,66
1447859125,66
1447859126,66
1447859127,152
1447859128,66
1447859129,66
1447859130,66
1447859131,66
1447859132,152
1447859133,66
1447859134,66
1447859135,66
1447859136,66
1447859137,152
1447859138,66
1447859139,66
1447859140,66
1447859141,66
1447859142,152
1447859143,66
1447859144,66
1447859145,66
1447859146,66
1447859147,152
1447859148,66
1447859149,66
1447859150,66
1447859151,66
1447859152,152
1447859153,66
1447859154,66
1447859155,66
1447859156,2388
1447859157,3306
1447859158,3144
1447859159,12474
1447859160,8186
1447859161,8586
1447859162,13986
1447859163,540
1447859164,54
1447859167,54
1447859170,86
1447859171,2676
1447859172,120
1447859173,156
1447859174,1414
1447859175,2222
1447859176,2106
1447859177,2424
1447859178,1956
1447859179,2268
1447859180,3324
1447859181,620
1447859182,4656
1447859183,19386
1447859184,14634
1447859185,15120
1447859186,950
1447859188,54
1447859191,54
1447859192,86
1447859196,54
1447859197,86
1447859202,86
1447859205,450
1447859206,270
1447859207,536
1447859208,516
1447859209,120
1447859210,66
1447859211,66
1447859212,152
1447859213,66
1447859214,66
1447859215,66
1447859217,66
1447859218,66
1447859219,66
1447859220,66
1447859221,66
1447859222,152
1447859223,132
1447859224,66
1447859226,66
1447859227,152
1447859228,132
1447859229,66
1447859230,66
1447859231,66
1447859232,152
1447859233,90
1447859234,156
1447859235,66
1447859236,66
1447859237,242
1447859238,66
1447859239,66
1447859240,66
1447859241,66
1447859242,152
1447859243,66
1447859244,66
1447859245,66
1447859246,66
1447859247,152
1447859248,66
1447859249,66
1447859250,66
1447859251,66
1447859252,152
1447859253,66
1447859254,66
1447859255,66
1447859256,156
1447859257,156
1447859258,66
1447859259,66
1447859260,156
1447859261,66
1447859262,152
1447859263,66
1447859264,66
1447859265,66
1447859266,66
1447859267,152
1447859268,66
1447859269,66
1447859270,66
1447859271,66
1447859272,152
1447859273,66
1447859274,66
1447859275,66
1447859276,66
1447859277,152
1447859278,66
1447859279,156
1447859280,156
1447859281,66
1447859282,152
1447859283,156
1447859284,66
1447859285,66
1447859286,66
1447859287,152
1447859288,66
1447859289,66
1447859290,66
1447859291,66
1447859292,152
1447859293,66
1447859294,66
1447859295,66
1447859296,66
1447859297,152
1447859298,66
1447859299,66
1447859300,66
1447859301,66
1447859302,242
1447859303,156
1447859304,66
1447859305,66
1447859306,156
1447859307,152
1447859308,66
1447859309,66
1447859310,66
1447859311,66
1447859312,152
1447859313,66
1447859314,66
1447859315,66
1447859316,66
1447859317,152
1447859318,66
1447859319,66
1447859320,66
1447859321,66
1447859322,152
1447859323,66
1447859324,66
1447859325,156
1447859326,156
1447859327,152
1447859328,66
1447859329,156
1447859330,66
1447859331,66
1447859332,152
1447859333,66
1447859334,66
1447859336,66
1447859337,66
1447859338,66
1447859339,66
1447859340,66
1447859341,66
1447859342,152
1447859343,66
1447859344,66
1447859345,66
1447859346,66
1447859347,152
1447859348,156
1447859349,66
1447859350,156
1447859351,66
1447859352,242
1447859353,66
1447859354,66
1447859355,66
1447859356,66
1447859357,152
1447859358,66
1447859359,66
1447859360,66
1447859361,66
1447859362,152
1447859363,66
1447859364,66
1447859365,66
1447859366,66
1447859367,66
1447859368,66
1447859369,66
1447859370,66
1447859371,66
**************************payload****************************
1447859156,49819
1447859157,77311
1447859158,80746
1447859159,337260
1447859160,219000
1447859161,232140
1447859162,378140
1447859163,14600
1447859164,1460
1447859167,1460
1447859172,1460
1447859174,33580
1447859175,51100
1447859176,56940
1447859177,61320
1447859178,51100
1447859179,61320
1447859180,83220
1447859181,10220
1447859182,124100
1447859183,524140
1447859184,395660
1447859185,408800
1447859186,23360
1447859188,1460
1447859191,1460
1447859196,1460
1447859209,1460
