**************************overload****************************
1447859116,66
1447859117,66
1447859118,66
1447859119,66
1447859120,66
1447859121,152
1447859122,66
1447859123,66
1447859124,66
1447859125,66
1447859126,152
1447859127,66
1447859128,66
1447859129,66
1447859130,66
1447859131,152
1447859132,66
1447859133,66
1447859134,66
1447859135,66
1447859136,152
1447859137,66
1447859138,66
1447859139,66
1447859140,66
1447859141,152
1447859142,66
1447859143,66
1447859144,66
1447859145,66
1447859146,152
1447859147,66
1447859148,66
1447859149,66
1447859150,66
1447859151,152
1447859152,66
1447859153,66
1447859154,66
1447859155,66
1447859156,152
1447859157,66
1447859158,66
1447859159,66
1447859160,66
1447859161,152
1447859162,66
1447859163,66
1447859164,66
1447859165,66
1447859166,152
1447859167,66
1447859168,66
1447859169,66
1447859170,66
1447859171,152
1447859172,66
1447859173,66
1447859174,66
1447859175,66
1447859176,152
1447859177,66
1447859178,66
1447859179,66
1447859180,66
1447859181,152
1447859182,66
1447859183,66
1447859184,66
1447859185,66
1447859186,152
1447859187,66
1447859188,66
1447859189,66
1447859190,66
1447859191,152
1447859192,66
1447859193,66
1447859194,66
1447859195,66
1447859196,152
1447859197,66
1447859198,66
1447859199,66
1447859200,66
1447859201,152
1447859202,66
1447859203,66
1447859204,66
1447859205,66
1447859206,152
1447859207,66
1447859208,66
1447859209,66
1447859210,66
1447859211,152
1447859212,66
1447859213,66
1447859214,66
1447859215,66
1447859216,152
1447859217,66
1447859218,66
1447859219,66
1447859220,66
1447859221,152
1447859222,66
1447859223,66
1447859224,66
1447859225,66
1447859226,152
1447859227,66
1447859228,66
1447859229,66
1447859230,66
1447859231,152
1447859232,66
1447859233,66
1447859234,66
1447859235,66
1447859236,152
1447859237,66
1447859238,66
1447859239,66
1447859240,66
1447859241,152
1447859243,132
1447859245,66
1447859246,152
1447859247,66
1447859248,66
1447859249,66
1447859250,66
1447859251,152
1447859252,66
1447859253,66
1447859254,172
1447859255,66
1447859256,1556
1447859257,2982
1447859258,1902
1447859259,1956
1447859260,1956
1447859261,2150
1447859262,1902
1447859263,1902
1447859264,1794
1447859265,1848
1447859266,1394
1447859267,66
1447859268,66
1447859269,66
1447859270,66
1447859271,66
1447859272,66
1447859273,66
1447859274,66
1447859275,66
1447859276,2312
1447859277,2550
1447859278,1902
1447859279,2010
1447859280,984
1447859281,1988
1447859282,1740
1447859283,1740
1447859284,1362
1447859285,1362
1447859286,1178
1447859287,2280
1447859288,1146
1447859289,3468
1447859290,1200
1447859291,1470
1447859292,1556
1447859293,1362
1447859294,1200
1447859295,1092
1447859296,1902
1447859297,660
1447859298,66
1447859299,1070
1447859300,2010
1447859301,1686
1447859302,66
1447859303,66
1447859304,66
1447859305,66
1447859307,66
1447859308,66
1447859309,152
1447859310,66
1447859311,66
1447859312,66
1447859313,66
1447859314,152
1447859315,66
1447859316,66
1447859317,66
1447859318,66
1447859319,152
1447859320,66
1447859321,66
1447859322,66
1447859323,66
1447859324,152
1447859325,66
1447859326,66
1447859327,66
1447859328,66
1447859329,152
1447859330,66
1447859331,66
1447859332,66
1447859333,66
1447859334,152
1447859335,66
1447859336,66
1447859337,66
1447859338,66
1447859339,152
1447859340,66
1447859341,66
1447859342,66
1447859343,66
1447859344,152
1447859345,66
1447859346,66
1447859347,66
1447859348,66
1447859349,152
1447859350,66
1447859351,66
1447859352,66
1447859353,66
1447859354,152
1447859355,66
1447859356,66
1447859357,66
1447859358,66
1447859359,152
1447859360,66
1447859361,66
1447859362,66
1447859363,66
1447859364,152
1447859365,66
1447859366,66
1447859367,336
1447859368,156
**************************payload****************************
1447859256,312
1447859257,648
1447859258,408
1447859259,420
1447859260,420
1447859261,450
1447859262,408
1447859263,408
1447859264,384
1447859265,396
1447859266,96
1447859276,564
1447859277,552
1447859278,408
1447859279,432
1447859280,204
1447859281,408
1447859282,372
1447859283,372
1447859284,288
1447859285,288
1447859286,228
1447859287,492
1447859288,240
1447859289,1232
1447859290,252
1447859291,312
1447859292,312
1447859293,288
1447859294,252
1447859295,228
1447859296,408
1447859297,132
1447859299,204
1447859300,432
1447859301,468
