**************************overload****************************
1447858064,152
1447858065,66
1447858066,1794
1447858067,3252
1447858068,3090
1447858069,3446
1447858070,2820
1447858071,444
1447858072,66
1447858073,66
1447858074,3122
1447858075,2214
1447858076,3306
1447858077,3090
1447858078,3792
1447858079,3360
1447858080,3486
1447858081,2064
1447858082,2568
1447858083,1362
1447858084,2042
1447858085,2406
1447858086,1470
1447858087,1254
1447858088,2388
1447858089,1880
1447858090,2442
1447858091,1362
1447858092,3144
1447858093,3198
1447858094,3500
1447858095,3252
1447858096,1902
1447858097,1848
1447858098,2496
1447858099,2690
1447858100,390
1447858102,228
1447858103,2278
1447858104,2568
1447858105,1464
1447858106,3468
1447858107,1848
1447858108,1956
1447858109,3554
1447858110,2798
1447858111,3396
1447858112,1524
1447858113,1830
1447858114,66
1447858115,602
1447858116,516
1447858117,246
1447858118,66
1447858119,516
1447858120,516
1447858121,156
**************************payload****************************
1447858066,384
1447858067,708
1447858068,672
1447858069,732
1447858070,612
1447858071,24
1447858074,744
1447858075,504
1447858076,888
1447858077,840
1447858078,1236
1447858079,1080
1447858080,720
1447858081,204
1447858082,288
1447858083,288
1447858084,420
1447858085,300
1447858086,312
1447858087,276
1447858088,516
1447858089,384
1447858090,528
1447858091,288
1447858092,1260
1447858093,1608
1447858094,1512
1447858095,1084
1447858096,408
1447858097,528
1447858098,576
1447858099,672
1447858100,72
1447858102,36
1447858103,824
1447858104,708
1447858105,312
1447858106,1080
1447858107,396
1447858108,444
1447858109,708
1447858110,480
1447858111,660
1447858112,324
1447858113,192
