**************************overload****************************
1447858066,2010
1447858067,3252
1447858068,3144
1447858069,3554
1447858070,2646
1447858071,120
1447858072,132
1447858074,3986
1447858075,2280
1447858076,3414
1447858077,3306
1447858078,3618
1447858079,3510
1447858080,3500
1447858081,3024
1447858082,980
1447858083,2710
1447858084,3522
1447858085,1952
1447858086,3522
1447858087,3414
1447858088,3576
1447858089,3770
1447858090,3360
1447858091,3468
1447858092,3576
1447858093,2010
1447858094,3500
1447858095,3468
1447858096,2820
1447858097,3522
1447858098,2874
1447858099,10292
1447858100,648
1447858101,228
1447858102,2100
1447858103,2928
1447858104,4418
1447858105,1890
1447858106,5400
1447858107,2916
1447858108,3726
1447858109,5304
1447858110,4514
1447858111,11610
1447858112,13662
1447858113,7236
1447858114,162
1447858115,54
1447858117,54
1447858118,54
1447858120,194
1447858121,278
1447858122,120
**************************payload****************************
1447858066,47823
1447858067,85383
1447858068,69613
1447858069,81902
1447858070,61737
1447858071,223
1447858074,88660
1447858075,57597
1447858076,89916
1447858077,86603
1447858078,97820
1447858079,94900
1447858080,90088
1447858081,80370
1447858082,18980
1447858083,66901
1447858084,85203
1447858085,45260
1447858086,93440
1447858087,87794
1447858088,94900
1447858089,96459
1447858090,88907
1447858091,91798
1447858092,94900
1447858093,51685
1447858094,90520
1447858095,91980
1447858096,74460
1447858097,93440
1447858098,75920
1447858099,275940
1447858100,17520
1447858101,3553
1447858102,701
1447858103,76621
1447858104,64240
1447858105,51100
1447858106,146000
1447858107,78840
1447858108,99342
1447858109,94924
1447858110,119720
1447858111,313900
1447858112,368040
1447858113,192744
1447858114,2932
1447858115,1460
1447858117,12
1447858118,1460
1447858120,2920
1447858122,12
