**************************overload****************************
1447859369,152
1447859370,66
1447859371,66
1447859372,66
1447859373,66
1447859374,152
1447859375,66
1447859376,66
1447859377,66
1447859378,66
1447859379,152
1447859380,66
1447859381,66
1447859382,66
1447859383,66
1447859384,152
1447859385,66
1447859386,66
1447859387,66
1447859388,66
1447859389,152
1447859390,66
1447859391,66
1447859392,66
1447859393,66
1447859394,152
1447859395,66
1447859396,66
1447859397,66
1447859399,152
1447859400,66
1447859401,66
1447859402,66
1447859403,66
1447859404,152
1447859405,66
1447859406,66
1447859407,66
1447859408,66
1447859409,152
1447859410,66
1447859411,66
1447859412,66
1447859413,66
1447859414,152
1447859415,66
1447859416,66
1447859417,66
1447859418,66
1447859419,152
1447859420,66
1447859421,66
1447859422,66
1447859423,66
1447859424,152
1447859425,66
1447859426,66
1447859427,66
1447859428,66
1447859429,152
1447859430,66
1447859431,66
1447859432,66
1447859433,66
1447859434,152
1447859435,66
1447859436,66
1447859437,66
1447859438,66
1447859439,152
1447859440,66
1447859441,66
1447859442,66
1447859443,66
1447859444,152
1447859445,66
1447859446,66
1447859447,66
1447859448,66
1447859449,66
1447859450,66
1447859451,66
1447859452,66
1447859453,66
1447859454,152
1447859455,66
1447859456,66
1447859457,66
1447859458,66
1447859459,152
1447859460,66
1447859461,66
1447859462,66
1447859463,66
1447859464,152
1447859465,66
1447859466,66
1447859467,66
1447859468,66
1447859469,152
1447859470,66
1447859471,66
1447859472,66
1447859473,66
1447859474,152
1447859475,66
1447859476,66
1447859477,66
1447859478,66
1447859479,152
1447859480,66
1447859481,66
1447859482,66
1447859483,66
1447859484,152
1447859485,66
1447859486,66
1447859487,66
1447859488,66
1447859489,152
1447859490,66
1447859491,66
1447859492,66
1447859493,66
1447859494,152
1447859495,66
1447859496,66
1447859497,66
1447859498,66
1447859499,152
1447859500,66
1447859501,66
1447859502,66
1447859503,66
1447859504,152
1447859505,66
1447859506,66
1447859507,66
1447859508,66
1447859509,152
1447859510,66
1447859511,66
1447859512,66
1447859513,66
1447859514,242
1447859515,156
1447859516,66
1447859517,66
1447859518,156
1447859519,152
1447859520,66
1447859522,2820
1447859523,2496
1447859524,1934
1447859525,1848
1447859526,1578
1447859527,444
1447859528,66
1447859529,1394
1447859530,2442
1447859531,2280
1447859532,1524
1447859533,678
1447859534,1790
1447859535,3846
1447859536,5346
1447859537,516
1447859538,66
1447859539,66
1447859540,66
1447859541,66
1447859542,2046
1447859543,2046
1447859544,152
1447859545,66
1447859546,2046
1447859547,66
1447859548,66
1447859549,152
1447859550,66
1447859551,66
1447859552,66
1447859553,66
1447859554,152
1447859555,66
1447859556,1038
1447859557,1038
1447859558,1578
1447859559,1394
1447859560,822
1447859561,66
1447859562,66
1447859563,66
1447859564,368
1447859565,66
1447859566,66
1447859567,66
1447859568,66
1447859569,152
1447859570,66
1447859571,66
1447859572,66
1447859573,66
1447859574,152
1447859575,66
1447859576,66
1447859577,66
1447859578,66
1447859579,152
1447859580,66
1447859582,132
1447859584,218
1447859585,66
1447859586,66
1447859587,66
1447859588,66
1447859589,152
1447859591,66
1447859592,132
1447859594,218
1447859595,66
1447859597,66
1447859598,66
1447859599,152
1447859600,66
1447859601,66
1447859602,66
1447859603,66
1447859604,152
1447859605,66
1447859606,66
1447859607,66
1447859608,66
1447859609,152
1447859610,66
1447859611,66
1447859612,66
1447859613,66
1447859614,152
1447859615,66
1447859616,66
1447859617,66
1447859618,66
1447859619,152
1447859620,66
1447859621,66
1447859622,66
1447859623,66
1447859624,66
1447859625,66
1447859626,66
1447859627,66
1447859628,66
1447859629,152
1447859630,66
1447859631,66
1447859632,66
1447859633,66
1447859634,152
1447859635,66
1447859636,66
1447859637,66
1447859638,66
1447859639,152
1447859640,66
1447859641,66
1447859642,66
1447859643,66
1447859644,152
1447859645,66
1447859646,66
1447859647,66
1447859648,66
1447859649,152
1447859650,66
1447859651,66
1447859652,66
1447859653,66
1447859654,152
1447859655,66
1447859656,66
1447859657,66
1447859658,66
1447859659,66
1447859660,66
1447859661,66
1447859662,426
1447859663,246
1447859664,606
1447859665,66
1447859666,606
1447859667,246
1447859668,426
**************************payload****************************
1447859522,624
1447859523,540
1447859524,396
1447859525,396
1447859526,336
1447859527,48
1447859529,360
1447859530,528
1447859531,576
1447859532,324
1447859533,36
1447859534,336
1447859535,780
1447859536,1188
1447859556,312
1447859557,216
1447859558,336
1447859559,276
1447859560,132
1447859564,90
