**************************overload****************************
1447859371,66
1447859372,66
1447859373,66
1447859374,152
1447859375,66
1447859376,66
1447859377,66
1447859378,66
1447859379,152
1447859380,66
1447859381,66
1447859382,66
1447859383,66
1447859384,152
1447859385,66
1447859386,66
1447859387,66
1447859388,66
1447859389,152
1447859390,66
1447859391,66
1447859392,66
1447859393,66
1447859394,152
1447859395,66
1447859396,66
1447859397,66
1447859398,66
1447859399,152
1447859400,66
1447859401,66
1447859402,66
1447859403,66
1447859404,152
1447859405,66
1447859406,66
1447859407,66
1447859408,66
1447859409,152
1447859410,66
1447859411,66
1447859412,66
1447859413,66
1447859414,2798
1447859415,2280
1447859416,1524
1447859417,2334
1447859418,1956
1447859419,2996
1447859420,516
1447859421,1236
1447859422,336
1447859423,90
1447859424,782
1447859425,336
1447859426,66
1447859427,156
1447859428,768
1447859429,1520
1447859430,1362
1447859431,2478
1447859432,768
1447859433,246
1447859434,152
1447859435,156
1447859436,66
1447859437,246
1447859438,156
1447859439,242
1447859440,66
1447859441,444
1447859442,156
1447859443,66
1447859444,242
1447859445,156
1447859446,156
1447859447,66
1447859448,156
1447859449,242
1447859450,156
1447859451,66
1447859452,246
1447859453,66
1447859454,242
1447859455,66
1447859456,246
1447859457,66
1447859458,588
1447859459,1556
1447859460,1218
1447859461,1686
1447859462,480
1447859463,66
1447859464,332
1447859465,606
1447859466,606
1447859467,1056
1447859468,246
1447859469,692
1447859470,606
1447859471,156
1447859472,156
1447859473,156
1447859474,152
1447859475,246
1447859476,66
1447859477,156
1447859478,66
1447859479,246
1447859480,66
1447859481,156
1447859482,66
1447859483,246
1447859484,152
1447859485,156
1447859486,66
1447859487,246
1447859488,156
1447859489,152
1447859490,66
1447859491,246
1447859492,156
1447859493,66
1447859494,152
1447859495,246
1447859496,156
1447859497,66
1447859498,156
1447859499,242
1447859500,156
1447859501,66
1447859502,246
1447859503,66
1447859504,242
1447859505,66
1447859506,246
1447859507,66
1447859508,156
1447859509,152
1447859510,246
1447859511,66
1447859512,156
1447859513,66
1447859514,210
1447859515,66
1447859516,66
1447859517,66
1447859518,66
1447859519,152
1447859520,66
1447859521,66
1447859522,3036
1447859523,3198
1447859524,3068
1447859525,3144
1447859526,3036
1447859527,552
1447859528,66
1447859529,1610
1447859530,2658
1447859531,2496
1447859532,2658
1447859533,540
1447859534,3230
1447859535,9408
1447859536,14742
1447859537,54
1447859538,54
1447859541,314
1447859542,282
1447859543,66
1447859544,66
1447859545,66
1447859546,66
1447859547,66
1447859548,66
1447859549,152
1447859550,66
1447859551,66
1447859552,66
1447859553,66
1447859554,152
1447859555,66
1447859556,2010
1447859557,2820
1447859558,3414
1447859559,2948
1447859560,876
1447859561,66
1447859562,66
1447859563,66
1447859564,314
1447859565,66
1447859566,66
1447859567,66
1447859568,66
1447859569,152
1447859570,66
1447859571,66
1447859572,66
1447859573,66
1447859574,152
1447859575,66
1447859576,66
1447859577,66
1447859578,66
1447859579,152
1447859580,66
1447859581,66
1447859582,66
1447859583,66
1447859584,152
1447859585,66
1447859586,66
1447859587,66
1447859588,66
1447859589,152
1447859590,66
1447859591,66
1447859592,66
1447859593,66
1447859594,152
1447859595,66
1447859596,66
1447859597,66
1447859598,66
1447859599,152
1447859600,66
1447859601,66
1447859602,66
1447859603,66
1447859604,152
1447859605,66
1447859606,66
1447859607,66
1447859608,66
1447859609,152
1447859610,66
1447859611,66
1447859612,66
1447859613,66
1447859614,152
1447859615,66
1447859616,66
1447859617,66
1447859618,66
1447859619,152
1447859620,66
1447859621,66
1447859622,66
1447859623,66
1447859624,152
1447859625,66
1447859626,66
1447859627,66
1447859628,66
1447859629,152
1447859630,66
1447859631,66
1447859632,66
1447859633,66
1447859634,66
1447859635,66
1447859636,66
1447859637,66
1447859638,66
1447859639,152
1447859640,66
1447859641,66
1447859642,66
1447859643,66
1447859644,152
1447859645,66
1447859646,66
1447859647,66
1447859648,66
1447859649,152
1447859650,66
1447859651,66
1447859652,66
1447859653,66
1447859654,152
1447859655,66
1447859656,66
1447859657,66
1447859658,66
1447859659,66
1447859660,66
1447859661,516
1447859662,696
1447859663,1146
1447859664,66
1447859665,876
1447859666,786
1447859667,696
1447859668,156
1447859669,966
1447859670,246
**************************payload****************************
1447859414,672
1447859415,492
1447859416,324
1447859417,324
1447859418,492
1447859419,432
1447859428,168
1447859429,264
1447859430,288
1447859431,684
1447859432,156
1447859441,48
1447859458,144
1447859459,312
1447859460,216
1447859461,360
1447859462,72
1447859514,1460
1447859522,68141
1447859523,71073
1447859524,65233
1447859525,68376
1447859526,68023
1447859527,11903
1447859529,24420
1447859530,60395
1447859531,54567
1447859532,63713
1447859533,13363
1447859534,83220
1447859535,247295
1447859536,395347
1447859537,1460
1447859538,1460
1447859541,4380
1447859542,5840
1447859556,52560
1447859557,74094
1447859558,88075
1447859559,76623
1447859560,20363
1447859564,78
