**************************overload****************************
1447857827,66
1447857828,152
1447857829,66
1447857830,66
1447857831,66
1447857832,66
1447857833,152
1447857834,66
1447857836,66
1447857837,66
1447857838,152
1447857839,66
1447857840,66
1447857841,66
1447857842,66
1447857843,152
1447857844,66
1447857845,66
1447857846,66
1447857847,66
1447857848,152
1447857849,66
1447857850,66
1447857851,66
1447857852,66
1447857853,152
1447857854,66
1447857855,66
1447857856,66
1447857857,66
1447857858,2496
1447857859,13392
1447857860,7452
1447857861,162
1447857864,788
1447857865,1920
1447857866,576
1447857867,1846
1447857868,2100
1447857869,1882
1447857870,2256
1447857871,1944
1447857872,2658
1447857873,2492
1447857874,7842
1447857875,13446
1447857876,4536
1447857877,12852
1447857878,108
1447857879,54
1447857882,54
1447857886,54
1447857891,86
1447857892,694
1447857893,262
1447857894,1084
1447857895,2280
1447857896,666
1447857897,2022
1447857898,2172
1447857899,1920
1447857900,1902
1447857901,1848
1447857902,1938
1447857903,2624
1447857904,1326
1447857905,1992
1447857906,2712
1447857907,1218
1447857908,3164
1447857909,1524
1447857910,1578
1447857911,2154
1447857912,3036
1447857913,1866
1447857914,1596
1447857915,426
1447857916,3036
1447857917,66
1447857918,152
1447857919,156
1447857920,156
1447857921,66
1447857922,66
1447857923,242
1447857924,66
1447857925,156
1447857926,66
1447857927,156
1447857928,152
1447857929,156
1447857930,66
1447857931,66
1447857932,156
1447857933,152
1447857934,156
1447857935,66
1447857936,156
1447857937,66
1447857938,66
1447857939,156
1447857940,156
1447857941,66
1447857942,66
1447857943,242
1447857944,66
1447857945,156
1447857946,66
1447857947,156
1447857948,152
1447857949,156
1447857950,66
1447857951,66
1447857952,156
1447857953,242
1447857954,66
1447857955,66
1447857956,156
1447857957,66
1447857958,156
1447857959,66
1447857960,156
1447857961,66
1447857962,156
1447857963,152
1447857964,66
1447857965,156
1447857966,156
1447857967,66
1447857968,152
1447857969,156
1447857970,66
1447857971,156
1447857972,66
1447857973,242
1447857974,66
1447857975,156
1447857976,66
1447857977,66
1447857978,242
1447857979,156
1447857980,66
1447857981,66
1447857982,156
1447857983,66
1447857984,156
1447857985,66
1447857986,156
1447857987,66
1447857988,242
1447857989,66
1447857990,66
1447857991,156
1447857992,66
1447857993,242
1447857994,66
1447857995,156
1447857996,66
1447857997,90
1447857998,152
1447857999,156
1447858000,66
1447858001,156
1447858002,66
1447858003,152
1447858004,156
1447858005,66
1447858006,156
1447858007,66
1447858008,242
1447858009,66
1447858010,66
1447858011,156
1447858012,156
1447858013,152
1447858014,66
1447858015,156
1447858016,66
1447858017,156
1447858018,152
1447858019,156
1447858020,66
1447858021,156
1447858022,66
1447858023,152
1447858024,156
1447858025,156
1447858026,66
1447858027,66
1447858028,308
1447858029,66
1447858030,156
1447858031,66
1447858032,156
1447858033,152
1447858034,90
1447858035,66
1447858036,132
1447858037,156
1447858038,242
1447858039,66
1447858040,66
1447858041,156
1447858042,66
1447858043,242
1447858045,156
1447858046,66
1447858047,156
1447858048,152
1447858049,66
1447858050,156
1447858051,156
1447858052,66
1447858053,152
1447858054,156
1447858055,66
1447858056,156
1447858057,66
1447858058,242
1447858059,66
1447858060,156
1447858061,66
1447858062,66
1447858063,242
1447858064,66
1447858065,156
1447858066,66
1447858067,156
1447858068,152
1447858069,66
1447858070,156
1447858071,156
**************************payload****************************
1447857858,57476
1447857859,362080
1447857860,201480
1447857861,3522
1447857864,4380
1447857865,1460
1447857866,5840
1447857867,45260
1447857868,45260
1447857869,43800
1447857870,52560
1447857871,52560
1447857872,70080
1447857873,58400
1447857874,210240
1447857875,363540
1447857876,122640
1447857877,347480
1447857878,2920
1447857879,1460
1447857882,1460
1447857886,1460
1447857892,4380
1447857894,16060
1447857895,59860
1447857896,13140
1447857897,45260
1447857898,56940
1447857899,45260
1447857900,49640
1447857901,48180
1447857902,48180
1447857903,68620
1447857904,29200
1447857905,49640
1447857906,71540
1447857907,26280
1447857908,83220
1447857909,39420
1447857910,40880
1447857911,46720
