**************************overload****************************
1447857825,66
1447857826,66
1447857827,66
1447857828,152
1447857829,66
1447857830,66
1447857831,66
1447857832,66
1447857833,152
1447857834,66
1447857835,66
1447857836,66
1447857837,66
1447857838,66
1447857839,66
1447857840,66
1447857841,66
1447857842,66
1447857843,152
1447857844,66
1447857845,66
1447857846,66
1447857847,66
1447857848,152
1447857849,66
1447857850,66
1447857851,66
1447857852,66
1447857853,152
1447857854,66
1447857855,66
1447857856,66
1447857857,66
1447857858,1448
1447857859,2874
1447857860,3468
1447857861,1290
1447857862,786
1447857863,66
1447857864,1146
1447857865,156
1447857866,764
1447857867,1560
1447857868,1500
1447857869,1452
1447857870,1200
1447857871,1522
1447857872,1650
1447857873,1322
1447857874,1686
1447857875,2484
1447857876,3486
1447857877,2964
1447857878,314
1447857879,156
1447857880,156
1447857881,156
1447857882,66
1447857883,156
1447857884,156
1447857885,156
1447857886,132
1447857887,180
1447857888,152
1447857889,156
1447857890,66
1447857891,246
1447857892,1326
1447857893,1416
1447857894,1038
1447857895,1326
1447857896,1794
1447857897,566
1447857898,1200
1447857899,1650
1447857900,1686
1447857901,1128
1447857902,1578
1447857903,494
1447857904,1398
1447857905,768
1447857906,1182
1447857907,1668
1447857908,1052
1447857909,930
1447857910,1434
1447857911,930
1447857912,2190
1447857913,4296
1447857914,3126
1447857915,2672
1447857916,1866
1447857917,4026
1447857918,246
1447857919,66
1447857920,156
1447857921,66
1447857922,246
1447857923,156
1447857924,66
1447857925,152
1447857926,246
1447857927,156
1447857928,66
1447857929,66
1447857930,246
1447857931,156
1447857932,66
1447857933,156
1447857934,156
1447857935,242
1447857936,66
1447857937,246
1447857938,66
1447857939,156
1447857940,66
1447857941,246
1447857942,66
1447857943,156
1447857944,66
1447857945,332
1447857946,66
1447857947,156
1447857948,66
1447857949,246
1447857950,242
1447857951,66
1447857952,66
1447857953,246
1447857954,156
1447857955,152
1447857956,66
1447857957,3396
1447857958,3414
1447857959,2712
1447857960,3090
1447857961,930
1447857962,66
1447857963,2960
1447857964,7248
1447857965,2172
1447857966,2550
1447857967,9948
1447857968,336
1447857969,1596
1447857970,266
1447857971,2514
1447857972,2352
1447857973,9828
1447857974,9882
1447857978,296
1447857979,120
1447857980,156
1447857981,606
1447857982,1128
1447857983,16146
1447857984,10098
1447857985,14990
1447857986,540
1447857994,206
1447857995,1236
1447857996,1524
1447857997,1578
1447857998,66
1447857999,516
1447858000,152
1447858001,66
1447858002,66
1447858003,66
1447858004,66
1447858005,152
1447858006,66
1447858007,66
1447858008,66
1447858009,66
1447858010,152
1447858011,66
1447858012,66
1447858013,66
1447858014,66
1447858015,152
1447858016,66
1447858017,66
1447858018,66
1447858019,66
1447858020,66
1447858021,66
1447858022,66
1447858023,66
1447858024,66
1447858025,152
1447858026,66
1447858027,66
1447858028,66
1447858029,66
1447858030,152
1447858031,66
1447858032,66
1447858033,66
1447858034,66
1447858035,152
1447858036,66
1447858037,66
1447858038,66
1447858039,66
1447858040,152
1447858041,66
1447858042,66
1447858043,66
1447858044,66
1447858045,66
1447858046,152
1447858047,66
1447858049,66
1447858050,66
1447858051,152
1447858052,66
1447858053,66
1447858054,66
1447858055,66
1447858056,152
1447858057,66
1447858058,66
1447858059,66
1447858060,66
1447858061,66
1447858062,66
1447858063,66
1447858064,66
1447858065,66
1447858066,152
1447858067,66
1447858068,66
1447858069,66
1447858070,516
**************************payload****************************
1447857858,330
1447857859,624
1447857860,928
1447857861,336
1447857866,60
1447857867,324
1447857868,216
1447857869,288
1447857870,252
1447857871,300
1447857872,312
1447857873,240
1447857874,360
1447857875,552
1447857876,1356
1447857877,876
1447857878,36
1447857894,472
1447857895,276
1447857896,204
1447857897,72
1447857898,252
1447857899,312
1447857900,360
1447857901,216
1447857902,336
1447857903,36
1447857904,276
1447857905,156
1447857906,228
1447857907,336
1447857908,180
1447857909,192
1447857910,264
1447857911,192
1447857912,72
1447857957,81444
1447857958,89130
1447857959,63936
1447857960,68153
1447857961,19530
1447857963,60738
1447857964,193634
1447857965,55882
1447857966,65923
1447857967,230374
1447857971,39420
1447857972,56940
1447857973,265720
1447857974,267180
1447857978,1460
1447857979,1460
1447857981,14600
1447857982,26280
1447857983,436540
1447857984,273020
1447857985,402960
1447857986,14600
1447857994,1460
1447857995,14600
1447857996,24820
1447857997,40173
