**************************overload****************************
1447857823,152
1447857824,66
1447857825,66
1447857826,66
1447857827,66
1447857828,152
1447857829,66
1447857830,66
1447857831,66
1447857832,66
1447857833,152
1447857834,66
1447857835,66
1447857836,66
1447857838,152
1447857839,66
1447857840,66
1447857841,66
1447857842,66
1447857843,152
1447857844,66
1447857845,66
1447857846,66
1447857847,66
1447857848,152
1447857849,66
1447857850,66
1447857851,66
1447857852,66
1447857853,152
1447857854,66
1447857855,66
1447857856,66
1447857857,66
1447857858,152
1447857859,66
1447857860,66
1447857861,66
1447857862,66
1447857863,152
1447857864,66
1447857865,66
1447857866,66
1447857867,66
1447857868,152
1447857869,66
1447857870,66
1447857871,66
1447857872,66
1447857873,66
1447857874,66
1447857875,66
1447857876,66
1447857877,66
1447857878,152
1447857879,66
1447857880,66
1447857881,66
1447857882,66
1447857883,66
1447857884,66
1447857885,66
1447857886,66
1447857887,66
1447857888,152
1447857889,66
1447857890,66
1447857891,66
1447857892,66
1447857893,152
1447857894,66
1447857895,66
1447857896,66
1447857897,66
1447857898,152
1447857899,66
1447857900,66
1447857901,66
1447857902,66
1447857903,66
1447857904,66
1447857905,66
1447857906,66
1447857907,66
1447857908,152
1447857909,66
1447857910,66
1447857911,66
1447857912,66
1447857913,152
1447857914,66
1447857915,66
1447857916,66
1447857917,66
1447857918,152
1447857919,66
1447857920,66
1447857921,66
1447857922,66
1447857923,152
1447857924,66
1447857925,66
1447857926,66
1447857927,66
1447857928,152
1447857929,66
1447857930,66
1447857931,66
1447857932,66
1447857933,152
1447857934,66
1447857935,66
1447857936,66
1447857937,66
1447857938,152
1447857939,66
1447857940,66
1447857941,66
1447857942,66
1447857943,152
1447857944,66
1447857945,66
1447857946,66
1447857947,66
1447857948,152
1447857949,66
1447857950,66
1447857951,66
1447857952,66
1447857953,152
1447857954,66
1447857955,66
1447857956,66
1447857957,2656
1447857958,2312
1447857959,2118
1447857960,1956
1447857961,768
1447857962,66
1447857963,1610
1447857964,3036
1447857965,714
1447857966,1038
1447857967,2064
1447857968,526
1447857969,106
1447857970,808
1447857971,1146
1447857972,1302
1447857973,3198
1447857974,2280
1447857975,152
1447857976,66
1447857977,66
1447857978,66
1447857979,66
1447857980,66
1447857981,876
1447857982,1522
1447857983,3198
1447857984,1794
1447857985,3284
1447857986,444
1447857987,66
1447857988,66
1447857989,66
1447857990,152
1447857991,66
1447857992,66
1447857993,66
1447857994,66
1447857995,242
1447857996,1612
1447857997,1090
1447857998,66
1447857999,262
1447858000,152
1447858001,66
1447858002,66
1447858003,66
1447858004,66
1447858005,152
1447858006,66
1447858007,66
1447858008,66
1447858009,66
1447858010,66
1447858011,152
1447858012,66
1447858013,66
1447858014,66
1447858015,66
1447858016,152
1447858017,66
1447858018,66
1447858019,66
1447858020,66
1447858021,66
1447858022,66
1447858023,66
1447858024,66
1447858025,66
1447858026,152
1447858027,66
1447858028,66
1447858029,66
1447858030,66
1447858031,152
1447858032,66
1447858033,66
1447858034,66
1447858035,66
1447858036,152
1447858037,66
1447858038,66
1447858040,66
1447858041,152
1447858042,66
1447858043,66
1447858044,66
1447858045,66
1447858046,152
1447858047,66
1447858048,66
1447858049,66
1447858050,66
1447858051,152
1447858052,132
1447858053,66
1447858054,66
1447858055,66
1447858056,152
1447858057,66
1447858059,132
1447858060,66
1447858061,152
1447858063,66
1447858064,66
1447858065,66
1447858066,152
1447858067,66
1447858068,426
**************************payload****************************
1447857957,552
1447857958,480
1447857959,456
1447857960,420
1447857961,108
1447857963,408
1447857964,660
1447857965,144
1447857966,216
1447857967,444
1447857968,36
1447857971,444
1447857972,204
1447857973,696
1447857974,492
1447857982,240
1447857983,708
1447857984,384
1447857985,516
1447857986,84
1447857996,492
1447857997,204
