**************************overload****************************
1447858383,218
1447858385,66
1447858386,66
1447858387,66
1447858388,152
1447858389,66
1447858390,66
1447858391,66
1447858392,66
1447858393,152
1447858394,66
1447858395,66
1447858396,66
1447858397,66
1447858398,152
1447858399,66
1447858400,66
1447858401,66
1447858402,66
1447858403,152
1447858404,66
1447858405,66
1447858406,66
1447858407,66
1447858408,152
1447858409,66
1447858410,66
1447858411,66
1447858412,66
1447858413,152
1447858414,66
1447858415,66
1447858416,66
1447858417,66
1447858418,152
1447858419,66
1447858420,66
1447858421,66
1447858422,66
1447858423,152
1447858424,66
1447858425,66
1447858426,66
1447858427,66
1447858428,152
1447858429,66
1447858430,66
1447858431,66
1447858432,66
1447858433,152
1447858434,66
1447858435,66
1447858436,66
1447858437,66
1447858438,152
1447858439,66
1447858440,66
1447858441,66
1447858442,66
1447858443,152
1447858444,66
1447858445,66
1447858446,66
1447858447,66
1447858448,152
1447858449,66
1447858450,66
1447858451,66
1447858452,66
1447858453,152
1447858454,66
1447858455,66
1447858456,66
1447858457,66
1447858458,152
1447858459,66
1447858460,66
1447858461,66
1447858462,66
1447858463,152
1447858464,66
1447858465,66
1447858466,66
1447858467,66
1447858468,152
1447858469,66
1447858470,66
1447858471,66
1447858472,66
1447858473,152
1447858474,66
1447858475,66
1447858476,66
1447858477,156
1447858478,494
1447858479,1236
1447858480,3000
1447858481,444
1447858482,66
1447858483,2240
1447858484,1434
1447858485,1866
1447858486,1776
1447858487,1632
1447858488,2024
1447858489,1488
1447858490,1884
1447858491,1920
1447858492,1506
1447858493,1358
1447858494,1146
1447858495,1146
1447858496,1344
1447858497,1488
1447858498,2024
1447858499,1974
1447858500,1884
1447858501,462
1447858502,156
1447858503,332
1447858504,246
1447858505,156
1447858506,246
1447858507,156
1447858508,422
1447858509,66
1447858510,336
1447858512,336
1447858513,242
1447858514,246
1447858515,246
1447858516,156
1447858517,246
1447858518,242
1447858519,336
1447858520,66
1447858521,336
1447858522,66
1447858523,422
1447858524,156
1447858525,246
1447858526,246
1447858527,156
1447858528,332
1447858529,156
1447858530,246
1447858531,156
1447858532,336
1447858533,152
1447858534,336
1447858535,156
1447858536,246
1447858537,156
1447858538,332
1447858539,156
1447858540,156
1447858541,66
1447858542,156
1447858543,152
1447858544,66
1447858545,66
1447858546,66
1447858547,66
1447858548,152
1447858549,66
1447858550,66
1447858551,66
1447858552,66
1447858553,152
1447858554,66
1447858555,66
1447858556,66
1447858557,66
1447858558,152
1447858559,66
1447858560,66
1447858561,66
1447858562,66
1447858563,152
1447858564,66
1447858565,66
1447858566,66
1447858567,66
1447858568,152
1447858569,66
1447858570,66
1447858571,66
1447858572,66
1447858573,152
1447858574,66
1447858575,66
1447858576,66
1447858577,66
1447858578,152
1447858579,66
1447858580,66
1447858581,66
1447858582,66
1447858583,152
1447858584,66
1447858585,66
1447858586,66
1447858587,246
1447858588,242
1447858589,336
1447858590,66
1447858591,336
1447858592,156
1447858593,332
1447858594,66
1447858595,336
1447858596,66
1447858597,336
1447858598,152
1447858599,336
1447858600,66
1447858601,336
1447858602,66
1447858603,242
1447858604,246
1447858605,336
1447858606,66
1447858607,246
1447858608,242
1447858609,336
**************************payload****************************
1447858478,78
1447858479,2281
1447858480,612
1447858481,84
1447858483,432
1447858484,264
1447858485,360
1447858486,360
1447858487,288
1447858488,396
1447858489,276
1447858490,384
1447858491,372
1447858492,300
1447858493,228
1447858494,240
1447858495,180
1447858496,264
1447858497,276
1447858498,396
1447858499,384
1447858500,384
1447858501,48
