**************************overload****************************
1447858385,66
1447858386,152
1447858387,1416
1447858388,1794
1447858389,1038
1447858390,930
1447858391,638
1447858392,66
1447858393,1848
1447858394,552
1447858395,66
1447858396,152
1447858397,66
1447858398,1146
1447858399,1632
1447858400,1686
1447858401,1286
1447858402,1578
1447858403,174
1447858404,66
1447858405,1848
1447858406,1988
1447858407,930
1447858408,1362
1447858409,174
1447858410,1578
1447858411,1448
1447858412,66
1447858413,66
1447858414,66
1447858415,66
1447858416,152
1447858417,66
1447858418,66
1447858419,66
1447858420,66
1447858421,152
1447858422,66
1447858423,66
1447858424,66
1447858425,66
1447858426,152
1447858427,66
1447858428,66
1447858429,66
1447858430,66
1447858431,152
1447858432,66
1447858433,66
1447858434,66
1447858435,66
1447858436,332
1447858437,156
1447858438,336
1447858439,66
1447858440,336
1447858441,242
1447858442,246
1447858443,66
1447858444,336
1447858445,66
1447858446,422
1447858447,66
1447858448,336
1447858449,66
1447858450,336
1447858451,152
1447858452,336
1447858453,156
1447858454,246
1447858455,246
1447858456,242
1447858457,246
1447858458,156
1447858459,336
1447858460,66
1447858461,422
1447858462,66
1447858463,336
1447858464,156
1447858465,246
1447858466,332
1447858467,156
1447858468,246
1447858469,156
1447858470,246
1447858471,242
1447858472,336
1447858473,66
1447858474,336
1447858475,156
1447858476,332
1447858477,156
1447858478,504
1447858479,1608
1447858480,6894
1447858481,1026
1447858482,476
1447858483,2838
1447858484,3018
1447858485,3108
1447858486,2964
1447858487,3284
1447858488,3666
1447858489,2676
1447858490,3072
1447858491,4512
1447858492,3626
1447858493,1938
1447858494,3432
1447858495,4302
1447858496,2532
1447858497,3356
1447858498,3090
1447858499,2928
1447858500,3072
1447858501,354
1447858502,242
1447858503,246
1447858504,246
1447858505,156
1447858506,246
1447858507,242
1447858508,336
1447858509,66
1447858510,336
1447858511,156
1447858512,332
1447858513,156
1447858514,246
1447858515,246
1447858516,156
1447858517,332
1447858518,156
1447858519,336
1447858520,66
1447858521,336
1447858522,152
1447858523,336
1447858524,156
1447858525,246
1447858526,246
1447858527,242
1447858528,246
1447858529,156
1447858530,336
1447858531,66
1447858532,422
1447858533,66
1447858534,336
1447858535,156
1447858536,246
1447858537,332
1447858538,156
1447858539,156
1447858540,156
1447858541,156
1447858542,152
1447858543,66
1447858544,66
1447858545,66
1447858546,66
1447858547,152
1447858548,66
1447858549,66
1447858550,66
1447858551,66
1447858552,152
1447858553,66
1447858554,66
1447858555,66
1447858556,66
1447858557,152
1447858558,66
1447858559,66
1447858560,66
1447858561,66
1447858562,152
1447858563,66
1447858564,66
1447858565,66
1447858566,66
1447858567,152
1447858568,66
1447858569,66
1447858570,66
1447858571,66
1447858572,152
1447858573,66
1447858574,66
1447858575,66
1447858576,66
1447858577,152
1447858578,66
1447858579,66
1447858580,66
1447858581,66
1447858582,152
1447858583,66
1447858584,66
1447858585,66
1447858586,66
1447858587,152
1447858588,246
1447858589,156
1447858590,336
1447858591,66
1447858592,422
1447858593,156
1447858594,246
1447858595,156
1447858596,246
1447858597,176
1447858598,246
1447858599,246
1447858600,336
1447858601,156
1447858602,332
1447858603,336
1447858604,336
1447858605,66
1447858606,336
1447858607,422
1447858608,336
1447858609,66
1447858610,336
1447858611,336
**************************payload****************************
1447858387,300
1447858388,384
1447858389,216
1447858390,192
1447858391,108
1447858393,396
1447858394,108
1447858398,240
1447858399,348
1447858400,360
1447858401,252
1447858402,336
1447858403,24
1447858405,396
1447858406,408
1447858407,192
1447858408,288
1447858409,48
1447858410,360
1447858411,288
1447858478,114
1447858479,28763
1447858480,178226
1447858481,27740
1447858482,1460
1447858483,69381
1447858484,67597
1447858485,65432
1447858486,62313
1447858487,65010
1447858488,81293
1447858489,60894
1447858490,65233
1447858491,110843
1447858492,86222
1447858493,48140
1447858494,84903
1447858495,110860
1447858496,64240
1447858497,81760
1447858498,66692
1447858499,65010
1447858500,66681
1447858501,1585
