**************************overload****************************
1447858619,66
1447858620,152
1447858621,66
1447858622,66
1447858623,66
1447858624,66
1447858625,152
1447858626,66
1447858627,66
1447858628,66
1447858629,66
1447858630,152
1447858631,66
1447858632,66
1447858633,66
1447858634,228
1447858635,11106
1447858636,8226
1447858637,1566
1447858639,896
1447858642,66
1447858643,156
1447858644,152
1447858645,156
1447858646,66
1447858647,246
1447858648,66
1447858649,242
1447858650,66
1447858651,246
1447858652,66
1447858653,156
1447858654,152
1447858655,246
1447858656,66
1447858657,156
1447858658,66
1447858659,332
1447858660,156
1447858661,66
1447858662,66
1447858663,246
1447858664,156
1447858665,66
1447858666,66
1447858667,246
1447858668,156
1447858669,152
1447858670,156
1447858671,156
1447858672,156
1447858673,66
1447858674,332
1447858675,66
1447858676,156
1447858677,66
1447858678,246
1447858679,152
1447858680,156
1447858681,66
1447858682,246
1447858683,66
1447858684,242
1447858685,66
1447858686,246
1447858687,66
1447858688,66
1447858689,152
1447858690,66
1447858691,66
1447858692,66
1447858693,66
1447858694,66
1447858695,66
1447858696,66
1447858697,66
1447858698,66
1447858699,152
1447858700,66
1447858701,66
1447858702,66
1447858703,66
1447858704,86
1447858705,66
1447858706,66
1447858707,66
1447858708,66
1447858709,152
1447858710,66
1447858711,66
1447858712,66
1447858713,66
1447858714,66
1447858715,66
1447858716,132
1447858718,66
1447858719,152
1447858720,66
1447858721,66
1447858722,66
1447858723,66
1447858724,66
1447858725,66
1447858726,66
1447858727,66
1447858728,66
1447858729,152
1447858730,66
1447858731,66
1447858732,66
1447858733,66
1447858734,66
1447858735,66
1447858736,66
1447858737,66
1447858738,66
1447858739,152
1447858740,66
1447858741,66
1447858742,66
1447858743,66
1447858744,152
1447858745,66
1447858746,66
1447858747,66
1447858748,66
1447858749,66
1447858750,66
1447858751,66
1447858752,66
1447858753,66
1447858754,152
1447858755,66
1447858756,66
1447858757,66
1447858758,66
1447858759,152
1447858760,66
1447858761,66
1447858762,66
1447858763,66
1447858764,66
1447858765,66
1447858766,66
1447858767,66
1447858768,66
1447858769,152
1447858770,66
1447858771,66
1447858772,66
1447858773,66
1447858774,152
1447858775,66
1447858776,66
1447858777,66
1447858778,66
1447858779,66
1447858780,66
1447858781,66
1447858782,66
1447858783,66
1447858784,152
1447858785,66
1447858786,66
1447858787,66
1447858788,66
1447858789,66
1447858790,66
1447858791,66
1447858792,66
1447858793,66
1447858794,152
1447858795,66
1447858796,66
1447858797,66
1447858798,66
1447858799,66
1447858800,66
1447858801,66
1447858802,66
1447858803,66
1447858804,152
1447858805,66
1447858806,66
1447858807,66
1447858808,66
1447858809,152
1447858810,66
1447858811,66
1447858812,66
1447858813,66
1447858814,66
1447858815,66
1447858816,66
1447858817,66
1447858818,66
1447858819,152
1447858820,66
1447858821,66
1447858822,66
1447858823,66
1447858824,66
1447858825,66
1447858826,66
1447858827,66
1447858828,66
1447858829,152
1447858830,66
1447858831,66
1447858832,66
1447858833,66
1447858834,152
1447858835,66
1447858836,66
1447858837,66
1447858838,66
1447858839,66
1447858840,66
1447858841,66
1447858842,66
1447858843,66
1447858844,152
1447858845,66
1447858846,66
1447858847,66
1447858848,66
1447858849,152
1447858851,66
1447858852,132
1447858853,66
1447858854,66
1447858856,66
1447858857,66
1447858858,66
1447858859,152
1447858860,66
1447858861,66
1447858862,66
1447858863,66
1447858864,152
1447858865,66
1447858866,66
1447858867,66
1447858868,66
1447858869,152
1447858870,66
1447858871,66
1447858872,156
1447858873,156
**************************payload****************************
1447858634,78
1447858635,295155
1447858636,202940
1447858637,19719
