**************************overload****************************
1447858386,66
1447858387,2388
1447858388,3090
1447858389,5346
1447858390,1232
1447858391,606
1447858392,66
1447858393,10260
1447858394,1404
1447858396,152
1447858397,66
1447858398,1686
1447858399,2766
1447858400,3090
1447858401,3608
1447858402,3090
1447858403,120
1447858404,66
1447858405,2874
1447858406,3284
1447858407,1308
1447858408,6048
1447858409,120
1447858410,5292
1447858411,4580
1447858412,66
1447858413,66
1447858414,66
1447858415,66
1447858416,152
1447858417,66
1447858418,66
1447858419,66
1447858420,66
1447858421,152
1447858422,66
1447858423,66
1447858424,66
1447858425,66
1447858426,152
1447858427,66
1447858428,66
1447858429,66
1447858430,66
1447858431,152
1447858432,66
1447858433,66
1447858434,66
1447858435,66
1447858436,332
1447858437,156
1447858438,246
1447858439,156
1447858440,336
1447858441,242
1447858442,246
1447858443,156
1447858444,246
1447858445,66
1447858446,422
1447858447,156
1447858448,246
1447858449,66
1447858450,336
1447858451,242
1447858452,246
1447858453,66
1447858454,336
1447858455,246
1447858456,332
1447858457,156
1447858458,336
1447858459,336
1447858460,246
1447858461,242
1447858462,336
1447858463,336
1447858464,246
1447858465,156
1447858466,422
1447858467,336
1447858468,246
1447858469,156
1447858470,336
1447858471,422
1447858472,66
1447858473,336
1447858474,336
1447858475,336
1447858476,152
1447858477,336
1447858478,336
1447858479,336
1447858480,66
1447858481,422
1447858482,336
1447858483,246
1447858484,156
1447858485,336
1447858486,422
1447858487,246
1447858488,156
1447858489,336
1447858490,336
1447858491,332
1447858492,156
1447858493,336
1447858494,336
1447858495,246
1447858496,242
1447858497,336
1447858498,336
1447858499,246
1447858500,90
1447858501,422
1447858502,336
1447858503,246
1447858504,156
1447858505,336
1447858506,422
1447858507,246
1447858508,156
1447858509,336
1447858510,336
1447858511,332
1447858512,156
1447858513,336
1447858514,336
1447858515,246
1447858516,242
1447858517,336
1447858518,336
1447858519,246
1447858520,156
1447858521,422
1447858522,336
1447858523,246
1447858524,156
1447858525,336
1447858526,422
1447858527,246
1447858528,156
1447858529,336
1447858530,336
1447858531,332
1447858532,156
1447858533,336
1447858534,336
1447858535,66
1447858536,422
1447858537,336
1447858538,336
1447858539,66
1447858540,246
1447858541,242
1447858542,156
1447858543,66
1447858544,66
1447858545,66
1447858546,152
1447858547,66
1447858548,66
1447858549,66
1447858550,66
1447858551,152
1447858552,66
1447858553,66
1447858554,66
1447858555,66
1447858556,152
1447858557,66
1447858558,66
1447858559,66
1447858560,66
1447858561,152
1447858562,66
1447858563,66
1447858564,66
1447858565,66
1447858566,152
1447858567,66
1447858568,66
1447858569,66
1447858570,66
1447858571,152
1447858572,66
1447858573,66
1447858574,66
1447858575,66
1447858576,152
1447858577,66
1447858578,66
1447858579,66
1447858580,66
1447858581,152
1447858582,66
1447858583,66
1447858584,66
1447858585,66
1447858586,152
1447858587,66
1447858588,66
1447858589,66
1447858590,66
1447858591,152
1447858592,66
1447858593,66
1447858594,66
1447858595,66
1447858596,152
1447858597,66
1447858598,66
1447858599,66
1447858600,66
1447858601,152
1447858602,66
1447858603,66
1447858604,66
1447858605,66
1447858606,152
1447858607,66
1447858608,66
1447858609,66
1447858610,66
1447858611,152
1447858612,66
**************************payload****************************
1447858387,52884
1447858388,75575
1447858389,144540
1447858390,25212
1447858391,12028
1447858393,272452
1447858394,37643
1447858398,36378
1447858399,60630
1447858400,73101
1447858401,93440
1447858402,81760
1447858403,1296
1447858405,63550
1447858406,69836
1447858407,30080
1447858408,162283
1447858409,1460
1447858410,143080
1447858411,119603
