**************************overload****************************
1447859656,66
1447859657,152
1447859658,66
1447859659,66
1447859660,66
1447859661,66
1447859662,152
1447859663,66
1447859664,66
1447859665,66
1447859666,66
1447859667,152
1447859668,66
1447859669,66
1447859670,66
1447859671,66
1447859672,242
1447859673,66
1447859674,1830
1447859675,2766
1447859676,1902
1447859677,1394
1447859678,2010
1447859679,1092
1447859680,1470
1447859681,768
1447859682,1286
1447859683,714
1447859684,606
1447859685,534
1447859686,642
1447859687,930
1447859688,638
1447859689,624
1447859690,588
1447859691,642
1447859692,552
1447859693,1038
1447859694,476
1447859695,948
1447859696,858
1447859697,1002
1447859698,372
1447859699,660
1447859700,768
1447859701,800
1447859702,786
1447859703,534
1447859704,1272
1447859705,912
1447859706,768
1447859707,1286
1447859708,66
1447859709,354
1447859710,318
1447859711,1380
1447859712,156
1447859713,66
1447859714,822
1447859715,1830
1447859716,5760
1447859717,86
1447859719,3576
1447859720,156
1447859721,624
1447859722,2006
1447859723,516
1447859724,804
1447859725,1002
1447859726,696
1447859727,804
1447859728,1034
1447859729,174
1447859730,246
1447859731,156
1447859732,246
1447859733,156
1447859734,242
1447859735,246
1447859736,66
1447859737,336
1447859738,66
1447859739,332
1447859740,156
1447859741,246
1447859742,156
1447859743,66
1447859744,422
1447859745,66
1447859746,246
1447859747,156
1447859748,246
1447859749,242
1447859750,66
1447859751,336
1447859752,66
1447859753,246
1447859754,242
1447859755,246
1447859756,156
1447859757,66
1447859758,336
1447859759,152
1447859760,246
1447859761,156
1447859762,246
1447859763,156
1447859764,152
1447859765,336
1447859766,66
1447859767,246
1447859768,156
1447859769,332
1447859770,156
1447859771,66
1447859772,336
1447859773,66
1447859774,246
1447859775,2874
1447859776,3252
1447859777,6620
1447859778,1134
1447859779,18306
1447859780,5778
1447859781,1404
1447859782,54
1447859784,54
1447859785,86
1447859786,66
1447859787,66
1447859788,66
1447859789,6870
1447859790,11286
1447859791,9504
1447859792,11426
1447859793,1728
1447859797,86
1447859800,108
1447859801,768
1447859802,2204
1447859803,11016
1447859806,66
1447859807,152
1447859808,66
1447859809,66
1447859810,66
1447859811,66
1447859812,152
1447859813,66
1447859814,66
1447859815,66
1447859816,66
1447859817,152
1447859818,66
1447859819,66
1447859820,66
1447859821,66
1447859822,152
1447859823,66
1447859824,66
1447859825,66
1447859826,66
1447859827,152
1447859828,66
1447859829,66
1447859830,66
1447859831,66
1447859832,152
1447859833,66
1447859834,66
1447859835,66
1447859836,66
1447859837,152
1447859838,66
1447859839,66
1447859840,66
1447859841,66
1447859842,152
1447859843,66
1447859844,66
1447859845,66
1447859846,66
1447859847,152
1447859848,66
1447859849,66
1447859850,66
1447859851,66
1447859852,152
1447859853,66
1447859854,66
1447859855,66
1447859856,66
1447859857,152
1447859858,66
1447859859,66
1447859860,66
1447859861,66
1447859862,152
1447859863,66
1447859864,66
1447859865,66
1447859866,66
1447859867,152
1447859868,66
1447859869,66
1447859870,66
1447859871,66
1447859872,152
1447859873,66
1447859874,66
1447859875,66
1447859876,66
1447859877,152
1447859878,66
1447859879,66
1447859880,66
1447859881,66
1447859882,152
1447859883,66
1447859884,66
1447859885,66
1447859886,66
1447859887,152
1447859888,66
1447859889,66
1447859890,66
1447859891,66
1447859892,152
1447859893,66
1447859894,66
1447859895,66
1447859896,66
1447859897,152
1447859898,66
1447859899,66
1447859900,66
1447859901,66
1447859902,152
1447859903,66
1447859904,246
1447859905,90
**************************payload****************************
1447859674,414
1447859675,600
1447859676,408
1447859677,276
1447859678,252
1447859679,228
1447859680,132
1447859681,156
1447859682,72
1447859683,144
1447859684,120
1447859685,84
1447859686,108
1447859687,192
1447859688,108
1447859689,84
1447859690,96
1447859691,108
1447859692,108
1447859693,156
1447859694,72
1447859695,156
1447859696,156
1447859697,168
1447859698,48
1447859699,132
1447859700,96
1447859701,144
1447859702,120
1447859703,84
1447859704,228
1447859705,168
1447859706,156
1447859707,192
1447859709,24
1447859710,36
1447859711,252
1447859714,216
1447859715,504
1447859716,1320
1447859721,168
1447859722,72
1447859723,60
1447859724,144
1447859725,168
1447859726,120
1447859727,144
1447859728,156
1447859729,24
1447859775,66235
1447859776,71507
1447859777,172524
1447859778,29423
1447859779,491946
1447859780,156220
1447859781,37960
1447859782,1460
1447859784,1460
1447859789,183960
1447859790,305140
1447859791,256960
1447859792,306600
1447859793,46720
1447859800,2920
1447859801,18980
1447859802,54481
1447859803,292132
