**************************overload****************************
1447857816,66
1447857817,152
1447857818,66
1447857819,66
1447857820,66
1447857821,66
1447857822,152
1447857823,66
1447857824,66
1447857825,66
1447857826,66
1447857827,66
1447857828,66
1447857829,66
1447857830,66
1447857831,66
1447857832,152
1447857833,66
1447857834,66
1447857835,66
1447857836,66
1447857837,152
1447857838,66
1447857839,66
1447857840,66
1447857841,66
1447857842,66
1447857843,66
1447857844,66
1447857845,66
1447857846,66
1447857847,152
1447857848,66
1447857849,66
1447857850,66
1447857851,66
1447857852,152
1447857853,66
1447857854,66
1447857855,66
1447857856,66
1447857857,152
1447857858,66
1447857859,66
1447857860,66
1447857861,66
1447857862,152
1447857863,66
1447857864,66
1447857865,66
1447857866,66
1447857867,152
1447857868,66
1447857869,66
1447857870,66
1447857871,66
1447857872,152
1447857873,66
1447857874,66
1447857875,66
1447857876,66
1447857877,152
1447857878,66
1447857879,66
1447857880,66
1447857881,66
1447857882,152
1447857883,66
1447857884,66
1447857885,66
1447857886,66
1447857887,152
1447857888,66
1447857889,66
1447857890,66
1447857891,66
1447857892,152
1447857893,66
1447857894,66
1447857895,66
1447857896,66
1447857897,152
1447857898,66
1447857899,66
1447857900,66
1447857901,66
1447857902,152
1447857903,66
1447857904,66
1447857905,66
1447857906,66
1447857907,152
1447857908,66
1447857909,66
1447857910,66
1447857911,66
1447857912,152
1447857913,66
1447857914,66
1447857915,66
1447857916,66
1447857917,152
1447857918,66
1447857919,66
1447857920,66
1447857921,66
1447857922,152
1447857924,66
1447857925,66
1447857926,66
1447857927,152
1447857928,66
1447857929,66
1447857930,66
1447857931,66
1447857932,152
1447857933,66
1447857934,66
1447857935,66
1447857936,66
1447857937,152
1447857938,66
1447857939,66
1447857940,66
1447857941,66
1447857942,152
1447857943,66
1447857944,66
1447857945,66
1447857946,66
1447857947,152
1447857948,66
1447857949,66
1447857950,66
1447857951,66
1447857952,152
1447857953,66
1447857954,172
1447857955,66
1447857956,336
1447857957,3036
1447857958,2226
1447857959,2172
1447857960,2420
1447857961,1200
1447857962,66
1447857963,66
1447857964,66
1447857965,152
1447857966,66
1447857967,210
1447857968,156
1447857969,66
1447857970,152
1447857971,156
1447857972,120
1447857973,172
1447857974,172
1447857975,152
1447857976,172
1447857977,66
1447857978,66
1447857979,66
1447857980,152
1447857981,66
1447857982,66
1447857983,66
1447857984,66
1447857985,152
1447857986,66
1447857987,66
1447857988,66
1447857989,66
1447857990,152
1447857991,66
1447857992,66
1447857993,66
1447857994,66
1447857995,2096
1447857996,2442
1447857997,66
1447857998,66
1447857999,278
1447858000,364
1447858001,66
1447858002,278
1447858004,172
1447858005,152
1447858006,66
1447858007,66
1447858008,1578
1447858009,1308
1447858010,2096
1447858011,390
1447858012,66
1447858013,66
1447858014,66
1447858015,152
1447858016,66
1447858017,66
1447858018,66
1447858019,66
1447858020,152
1447858021,66
1447858022,66
1447858023,66
1447858024,66
1447858025,152
1447858026,66
1447858027,66
1447858028,66
1447858029,66
1447858030,152
1447858031,66
1447858032,66
1447858033,66
1447858034,66
1447858035,152
1447858036,66
1447858037,66
1447858038,66
1447858039,66
1447858040,152
1447858041,66
1447858042,66
1447858043,66
1447858044,66
1447858045,152
1447858046,66
1447858047,66
1447858048,66
1447858049,66
1447858050,152
1447858051,66
1447858052,66
1447858053,66
1447858054,66
1447858055,152
1447858056,66
1447858057,66
1447858058,66
1447858059,66
1447858060,66
1447858061,66
1447858062,66
1447858063,66
1447858064,66
1447858065,152
1447858066,66
1447858067,66
1447858068,66
1447858069,246
**************************payload****************************
1447857956,60
1447857957,660
1447857958,480
1447857959,468
1447857960,504
1447857961,252
1447857967,24
1447857972,24
1447857995,480
1447857996,528
1447858008,384
1447858009,276
1447858010,432
1447858011,72
