**************************overload****************************
1447857834,66
1447857835,66
1447857836,66
1447857837,152
1447857838,66
1447857839,66
1447857840,66
1447857841,66
1447857842,152
1447857843,66
1447857844,66
1447857845,66
1447857846,66
1447857847,152
1447857848,66
1447857849,66
1447857850,66
1447857851,66
1447857852,152
1447857853,66
1447857854,66
1447857855,66
1447857856,66
1447857857,674
1447857858,1686
1447857859,1200
1447857860,822
1447857861,1794
1447857862,692
1447857863,1362
1447857864,390
1447857865,1686
1447857866,660
1447857867,822
1447857868,1286
1447857869,660
1447857870,90
1447857871,588
1447857872,1164
1447857873,1682
1447857874,3054
1447857875,606
1447857876,606
1447857877,2262
1447857878,332
1447857879,1092
1447857880,534
1447857881,174
1447857882,1074
1447857883,782
1447857884,642
1447857885,1074
1447857886,1164
1447857887,5886
1447857888,810
1447857889,1484
1447857890,696
1447857891,498
1447857892,876
1447857893,732
1447857894,854
1447857895,696
1447857896,606
1447857897,894
1447857898,606
1447857899,696
1447857900,768
1447857901,750
1447857902,728
1447857903,1236
1447857904,1956
1447857905,2010
1447857906,8688
1447857907,4158
1447857908,8208
1447857909,5670
1447857913,242
1447857914,156
1447857915,66
1447857916,66
1447857917,246
1447857918,152
1447857919,156
1447857920,66
1447857921,3846
1447857922,4656
1447857923,5822
1447857924,1956
1447857925,3666
1447857926,4476
1447857927,156
1447857928,152
1447857929,66
1447857930,246
1447857931,156
1447857932,66
1447857933,152
1447857934,246
1447857935,66
1447857936,156
1447857937,66
1447857938,242
1447857939,156
1447857940,156
1447857941,66
1447857942,66
1447857943,332
1447857944,156
1447857945,66
1447857946,66
1447857947,246
1447857948,152
1447857949,156
1447857950,66
1447857951,246
1447857952,66
1447857953,242
1447857954,66
1447857955,66
1447857956,210
1447857957,66
1447857958,66
1447857959,66
1447857960,66
1447857961,66
1447857962,152
1447857963,66
1447857964,120
1447857965,3144
1447857966,3252
1447857967,3338
1447857968,3738
1447857969,3900
1447857970,11070
1447857971,15984
1447857972,4104
1447857978,242
1447857979,120
1447857980,210
1447857981,66
1447857982,750
1447857983,1070
1447857984,9300
1447857986,1836
1447857987,660
1447857988,314
1447857989,2334
1447857990,2928
1447857991,12486
1447857992,14634
1447857993,1242
1447857994,54
1447857995,54
1447857997,54
1447857998,152
1447857999,66
1447858000,66
1447858001,66
1447858002,120
1447858003,66
1447858004,516
1447858005,66
1447858006,516
1447858007,66
1447858008,512
1447858009,66
1447858010,66
1447858011,66
1447858012,66
1447858013,152
1447858014,66
1447858015,66
1447858016,66
1447858017,66
1447858018,152
1447858019,66
1447858020,66
1447858021,66
1447858022,66
1447858023,152
1447858024,66
1447858025,66
1447858026,1200
1447858027,5898
1447858028,7808
1447858029,3264
1447858030,3942
1447858031,3036
1447858032,2334
1447858033,2798
1447858034,3252
1447858035,3144
1447858036,2820
1447858037,336
1447858038,314
1447858039,4536
1447858040,4104
1447858041,3942
1447858042,822
1447858043,3068
1447858044,19764
1447858045,10368
1447858052,152
1447858053,66
1447858054,66
1447858055,66
1447858056,66
1447858057,152
1447858058,66
1447858059,66
1447858060,66
1447858061,66
1447858062,152
1447858063,66
1447858064,66
1447858065,66
1447858066,66
1447858067,152
1447858068,66
1447858069,66
1447858070,66
1447858071,66
1447858072,152
1447858073,66
1447858074,66
1447858075,66
1447858076,66
1447858077,602
**************************payload****************************
1447857857,138
1447857858,360
1447857859,252
1447857860,168
1447857861,204
1447857862,120
1447857863,108
1447857864,72
1447857865,180
1447857866,132
1447857867,168
1447857868,252
1447857869,132
1447857871,96
1447857872,144
1447857874,264
1447857875,60
1447857876,60
1447857877,168
1447857879,228
1447857880,84
1447857881,24
1447857882,204
1447857883,120
1447857884,108
1447857885,144
1447857886,480
1447857887,3172
1447857888,180
1447857889,216
1447857890,120
1447857891,96
1447857892,180
1447857893,108
1447857894,156
1447857895,120
1447857896,120
1447857897,144
1447857898,120
1447857899,120
1447857900,156
1447857901,132
1447857902,108
1447857903,240
1447857904,420
1447857905,432
1447857906,3188
1447857907,924
1447857908,1824
1447857909,1260
1447857956,1460
1447857964,1460
1447857965,71061
1447857966,74403
1447857967,78747
1447857968,90228
1447857969,100704
1447857970,298725
1447857971,432121
1447857972,110960
1447857979,1460
1447857980,1460
1447857982,16060
1447857983,24820
1447857984,248229
1447857986,48403
1447857987,16060
1447857988,78
1447857989,46911
1447857990,65221
1447857991,326928
1447857992,395660
1447857993,33580
1447857994,1460
1447857995,1460
1447857997,1460
1447858002,1460
1447858026,30660
1447858027,157680
1447858028,208780
1447858029,84680
1447858030,106580
1447858031,80300
1447858032,59937
1447858033,69850
1447858034,72744
1447858035,68376
1447858036,61972
1447858037,6063
1447858038,78
1447858039,117299
1447858040,110232
1447858041,106580
1447858042,20440
1447858043,76393
1447858044,533123
1447858045,279069
