**************************overload****************************
1447858604,66
1447858605,66
1447858607,66
1447858608,152
1447858609,66
1447858610,66
1447858611,66
1447858612,66
1447858613,152
1447858614,66
1447858615,66
1447858616,66
1447858617,66
1447858618,152
1447858619,66
1447858620,66
1447858621,66
1447858622,66
1447858623,152
1447858624,66
1447858625,66
1447858626,66
1447858627,66
1447858628,152
1447858629,66
1447858630,66
1447858631,66
1447858632,66
1447858633,152
1447858634,66
1447858635,66
1447858636,66
1447858637,120
1447858638,476
1447858639,66
1447858640,66
1447858641,822
1447858642,3144
1447858643,3770
1447858644,2334
1447858645,4116
1447858646,498
1447858647,2376
1447858648,852
1447858649,2928
1447858650,2914
1447858651,2116
1447858652,2334
1447858653,3068
1447858654,3252
1447858655,3846
1447858656,2172
1447858657,3576
1447858658,3068
1447858659,2982
1447858660,2928
1447858661,4224
1447858662,2442
1447858663,2906
1447858664,2928
1447858665,2172
1447858666,3846
1447858667,2550
1447858668,3068
1447858669,2280
1447858670,2766
1447858671,7722
1447858673,1718
1447858674,3252
1447858675,3036
1447858676,4806
1447858677,1630
1447858678,10304
1447858680,336
1447858681,1956
1447858682,3522
1447858683,3014
1447858684,3240
1447858685,768
1447858686,66
1447858687,66
1447858688,152
1447858689,66
1447858690,66
1447858691,66
1447858692,66
1447858693,152
1447858694,66
1447858695,132
1447858697,132
1447858698,332
1447858699,156
1447858700,246
1447858701,90
1447858702,336
1447858703,242
1447858704,312
1447858706,336
1447858707,66
1447858708,332
1447858709,156
1447858710,246
1447858711,156
1447858712,156
1447858713,332
1447858714,66
1447858715,336
1447858716,66
1447858717,336
1447858718,152
1447858719,246
1447858720,156
1447858721,246
1447858722,156
1447858723,242
1447858724,246
1447858725,66
1447858726,336
1447858727,66
1447858728,422
1447858729,66
1447858730,336
1447858731,66
1447858732,246
1447858733,242
1447858734,246
1447858735,156
1447858736,156
1447858737,246
1447858738,152
1447858739,336
1447858740,66
1447858741,336
1447858742,66
1447858743,332
1447858744,156
1447858745,246
1447858746,156
1447858747,156
1447858748,332
1447858749,66
1447858750,336
1447858751,66
1447858752,336
1447858753,152
1447858754,336
1447858755,66
1447858756,246
1447858757,156
1447858758,332
1447858759,156
1447858760,156
1447858761,246
1447858762,66
1447858763,422
1447858764,66
1447858765,336
1447858766,66
1447858767,246
1447858768,242
1447858769,246
1447858770,156
1447858771,156
1447858772,246
1447858773,242
1447858774,246
1447858775,66
1447858776,336
1447858777,66
1447858778,422
1447858779,66
1447858780,246
1447858781,156
1447858782,246
1447858783,242
1447858784,156
1447858785,246
1447858786,66
1447858787,336
1447858788,152
1447858789,336
1447858790,66
1447858791,246
1447858792,156
1447858793,332
1447858794,156
1447858795,156
1447858796,246
1447858797,156
1447858798,332
1447858799,66
1447858800,336
1447858801,66
1447858802,246
1447858803,152
1447858804,156
1447858805,66
1447858806,66
1447858807,66
1447858808,152
1447858809,66
1447858810,66
1447858811,66
1447858812,66
1447858813,152
1447858814,66
1447858816,66
1447858817,66
1447858818,152
1447858819,66
1447858820,66
1447858821,132
1447858822,66
1447858823,152
1447858825,66
1447858826,66
1447858827,66
1447858828,152
1447858829,132
1447858830,66
1447858831,66
1447858832,66
1447858833,152
1447858834,66
1447858835,66
1447858836,66
1447858837,66
1447858838,152
1447858839,66
1447858841,66
1447858842,66
1447858843,152
1447858844,66
1447858845,66
1447858846,66
1447858847,66
1447858848,152
1447858849,66
**************************payload****************************
1447858637,20
1447858638,3021
1447858641,13622
1447858642,70850
1447858643,90216
1447858644,55586
1447858645,95893
1447858646,11680
1447858647,45260
1447858648,16060
1447858649,73447
1447858650,72660
1447858651,50959
1447858652,50089
1447858653,73892
1447858654,77750
1447858655,88593
1447858656,55030
1447858657,92877
1447858658,76635
1447858659,65233
1447858660,76143
1447858661,108698
1447858662,64087
1447858663,62723
1447858664,65010
1447858665,54368
1447858666,102076
1447858667,67160
1447858668,69846
1447858669,54210
1447858670,69951
1447858671,207168
1447858673,36155
1447858674,80406
1447858675,66693
1447858676,127034
1447858677,38183
1447858678,271901
1447858680,6063
1447858681,43889
1447858682,79833
1447858683,77380
1447858684,85606
1447858685,17493
