**************************overload****************************
1447858600,66
1447858601,66
1447858602,152
1447858603,66
1447858604,66
1447858605,66
1447858606,66
1447858607,152
1447858608,66
1447858609,66
1447858610,66
1447858611,66
1447858612,152
1447858613,66
1447858614,66
1447858615,66
1447858616,66
1447858617,152
1447858618,66
1447858619,66
1447858620,66
1447858621,66
1447858622,152
1447858623,66
1447858624,66
1447858625,66
1447858626,66
1447858627,152
1447858628,66
1447858629,66
1447858630,66
1447858631,66
1447858632,152
1447858633,66
1447858634,66
1447858635,66
1447858636,66
1447858637,152
1447858638,66
1447858639,66
1447858640,66
1447858641,66
1447858642,86
1447858643,132
1447858645,66
1447858646,66
1447858647,152
1447858648,66
1447858649,66
1447858650,66
1447858651,66
1447858652,152
1447858653,66
1447858654,66
1447858655,66
1447858656,66
1447858657,152
1447858658,66
1447858659,66
1447858660,66
1447858661,66
1447858662,152
1447858663,66
1447858664,66
1447858665,66
1447858666,66
1447858667,152
1447858668,66
1447858669,66
1447858670,66
1447858671,66
1447858672,152
1447858673,66
1447858674,66
1447858675,66
1447858676,66
1447858677,152
1447858678,66
1447858679,66
1447858680,66
1447858681,66
1447858682,152
1447858683,66
1447858684,66
1447858685,66
1447858686,66
1447858687,152
1447858688,66
1447858689,66
1447858690,66
1447858691,66
1447858692,152
1447858693,66
1447858694,66
1447858695,66
1447858696,66
1447858697,152
1447858698,66
1447858699,66
1447858700,66
1447858701,66
1447858702,152
1447858703,66
1447858704,66
1447858705,66
1447858706,66
1447858707,152
1447858708,66
1447858709,66
1447858710,66
1447858711,66
1447858712,152
1447858713,66
1447858714,66
1447858715,66
1447858716,66
1447858717,152
1447858718,66
1447858719,66
1447858720,66
1447858721,66
1447858722,152
1447858723,66
1447858724,66
1447858725,66
1447858726,66
1447858727,152
1447858728,66
1447858729,66
1447858730,66
1447858731,66
1447858732,152
1447858733,66
1447858734,66
1447858735,66
1447858736,336
1447858737,602
1447858738,2370
1447858739,2298
1447858740,1722
1447858741,2298
1447858742,2732
1447858743,1614
1447858744,1974
1447858745,1722
1447858746,1146
1447858747,1880
1447858748,66
1447858749,66
1447858750,1902
1447858751,2262
1447858752,2870
1447858753,318
1447858754,1974
1447858755,1632
1447858756,1902
1447858757,2096
1447858758,804
1447858759,156
1447858760,66
1447858761,66
1447858762,242
1447858763,156
1447858764,1560
1447858765,1578
1447858766,1308
1447858767,2294
1447858768,930
1447858769,2118
1447858770,1470
1447858771,282
1447858772,1250
1447858773,1722
1447858774,1092
1447858775,2064
1447858776,1866
1447858777,1232
1447858778,156
1447858779,246
1447858780,156
1447858781,336
1447858782,332
1447858783,156
1447858784,246
1447858785,156
1447858786,246
1447858787,332
1447858788,246
1447858789,246
1447858790,156
1447858791,180
1447858792,332
1447858793,246
1447858794,246
1447858795,156
1447858796,246
1447858797,242
1447858798,336
1447858799,246
1447858800,156
1447858801,246
1447858802,242
1447858803,246
1447858804,66
1447858805,156
1447858806,66
1447858807,152
1447858808,66
1447858809,66
1447858810,66
1447858811,66
1447858812,152
1447858813,66
1447858814,66
1447858815,66
1447858816,66
1447858817,152
1447858818,66
1447858819,66
1447858820,66
1447858821,66
1447858822,152
1447858823,66
1447858824,66
1447858825,66
1447858826,66
1447858827,152
1447858828,66
1447858829,66
1447858830,66
1447858831,66
1447858832,152
1447858833,66
1447858834,66
1447858835,66
1447858836,66
1447858837,152
1447858838,66
1447858839,66
1447858840,66
1447858841,66
1447858842,152
1447858843,66
1447858844,66
1447858845,66
1447858846,246
**************************payload****************************
1447858737,2143
1447858738,492
1447858739,456
1447858740,348
1447858741,528
1447858742,780
1447858743,324
1447858744,384
1447858745,348
1447858746,180
1447858747,384
1447858750,348
1447858751,708
1447858752,672
1447858753,36
1447858754,384
1447858755,348
1447858756,480
1447858757,432
1447858758,144
1447858764,324
1447858765,276
1447858766,276
1447858767,396
1447858768,192
1447858769,396
1447858770,312
1447858771,48
1447858772,204
1447858773,348
1447858774,228
1447858775,852
1447858776,976
1447858777,180
