**************************overload****************************
1447858602,152
1447858603,66
1447858604,66
1447858605,66
1447858606,66
1447858607,152
1447858608,66
1447858609,66
1447858610,66
1447858611,66
1447858612,152
1447858613,66
1447858614,66
1447858615,66
1447858616,66
1447858617,152
1447858618,66
1447858619,66
1447858620,66
1447858621,66
1447858622,152
1447858623,66
1447858624,66
1447858625,66
1447858626,66
1447858627,152
1447858628,66
1447858629,66
1447858630,66
1447858631,66
1447858632,152
1447858633,66
1447858634,66
1447858635,66
1447858636,66
1447858637,152
1447858638,336
1447858639,66
1447858640,66
1447858641,660
1447858642,2798
1447858643,1848
1447858644,1578
1447858645,1740
1447858646,2118
1447858647,1934
1447858648,2334
1447858649,1794
1447858650,2784
1447858651,1632
1447858652,1502
1447858653,1578
1447858654,2118
1447858655,1632
1447858656,1632
1447858657,1664
1447858658,2172
1447858659,1740
1447858660,1416
1447858661,1740
1447858662,1502
1447858663,1632
1447858664,1686
1447858665,1146
1447858666,1956
1447858667,1610
1447858668,1578
1447858669,1632
1447858670,1578
1447858671,1470
1447858672,152
1447858673,1146
1447858674,1578
1447858675,1794
1447858676,1038
1447858677,1052
1447858678,1632
1447858679,66
1447858680,174
1447858681,1632
1447858682,1880
1447858683,1524
1447858684,1416
1447858685,714
1447858686,66
1447858687,152
1447858688,66
1447858689,66
1447858691,132
1447858692,152
1447858693,66
1447858694,66
1447858695,66
1447858696,66
1447858697,86
1447858698,66
1447858699,336
1447858700,66
1447858701,336
1447858702,152
1447858703,426
1447858704,66
1447858705,246
1447858706,156
1447858707,332
1447858708,66
1447858709,336
1447858710,246
1447858711,156
1447858712,332
1447858713,156
1447858714,336
1447858715,246
1447858716,156
1447858717,332
1447858718,156
1447858719,336
1447858720,246
1447858721,156
1447858722,332
1447858723,156
1447858724,336
1447858725,246
1447858726,156
1447858727,332
1447858728,156
1447858729,336
1447858730,156
1447858731,246
1447858732,332
1447858733,156
1447858734,246
1447858735,246
1447858736,246
1447858737,710
1447858738,2640
1447858739,3378
1447858740,3018
1447858741,3486
1447858742,3284
1447858743,3126
1447858744,3162
1447858745,2964
1447858746,3360
1447858747,10886
1447858749,90
1447858750,2568
1447858751,3270
1447858752,6744
1447858753,476
1447858754,6642
1447858755,12960
1447858756,5616
1447858757,5562
1447858758,2138
1447858763,476
1447858764,3198
1447858765,2766
1447858766,3360
1447858767,3360
1447858768,3402
1447858769,2960
1447858770,7950
1447858772,2172
1447858773,4710
1447858774,1772
1447858775,2658
1447858776,1812
1447858777,336
1447858778,156
1447858779,332
1447858780,156
1447858781,336
1447858782,246
1447858783,156
1447858784,332
1447858785,156
1447858786,336
1447858787,246
1447858788,156
1447858789,332
1447858790,156
1447858791,336
1447858792,246
1447858793,156
1447858794,332
1447858795,156
1447858796,336
1447858797,246
1447858798,156
1447858799,332
1447858800,156
1447858801,246
1447858802,246
1447858803,156
1447858804,152
1447858805,156
1447858806,66
1447858807,66
1447858808,66
1447858809,152
1447858810,66
1447858811,66
1447858812,66
1447858813,66
1447858814,152
1447858815,66
1447858816,66
1447858817,66
1447858818,66
1447858819,152
1447858820,66
1447858821,66
1447858822,66
1447858823,66
1447858824,152
1447858825,66
1447858826,66
1447858827,66
1447858828,66
1447858829,152
1447858830,66
1447858831,66
1447858832,66
1447858833,66
1447858834,152
1447858835,66
1447858836,66
1447858837,66
1447858838,66
1447858839,152
1447858840,66
1447858841,66
1447858842,66
1447858843,66
1447858844,152
1447858845,66
1447858846,66
1447858847,246
**************************payload****************************
1447858638,102
1447858641,3147
1447858642,588
1447858643,396
1447858644,336
1447858645,372
1447858646,96
1447858647,408
1447858648,204
1447858649,384
1447858650,384
1447858651,348
1447858652,300
1447858653,348
1447858654,456
1447858655,348
1447858656,348
1447858657,336
1447858658,468
1447858659,372
1447858660,312
1447858661,372
1447858662,300
1447858663,348
1447858664,360
1447858665,240
1447858666,432
1447858667,324
1447858668,336
1447858669,348
1447858670,348
1447858671,312
1447858673,240
1447858674,336
1447858675,384
1447858676,216
1447858677,180
1447858678,348
1447858680,24
1447858681,348
1447858682,384
1447858683,324
1447858684,300
1447858685,144
1447858737,1574
1447858738,61094
1447858739,75839
1447858740,75990
1447858741,85577
1447858742,73629
1447858743,66693
1447858744,65233
1447858745,63550
1447858746,78613
1447858747,287550
1447858750,54543
1447858751,80523
1447858752,176537
1447858753,1460
1447858754,170921
1447858755,349057
1447858756,151840
1447858757,150380
1447858758,55480
1447858763,1460
1447858764,84680
1447858765,63254
1447858766,89060
1447858767,81760
1447858768,89372
1447858769,64756
1447858770,201413
1447858772,48403
1447858773,125465
1447858774,36500
1447858775,69294
1447858776,42090
