**************************overload****************************
1447859910,66
1447859911,66
1447859912,66
1447859913,66
1447859914,152
1447859915,66
1447859916,66
1447859917,66
1447859918,66
1447859919,152
1447859920,66
1447859921,66
1447859922,66
1447859923,66
1447859924,152
1447859925,66
1447859926,66
1447859927,66
1447859928,66
1447859929,152
1447859930,66
1447859931,66
1447859932,66
1447859933,66
1447859934,800
1447859935,4926
1447859936,14430
1447859937,8976
1447859938,4530
1447859939,266
1447859940,1956
1447859941,156
1447859942,1956
1447859943,606
1447859944,66
1447859945,3446
1447859946,9450
1447859947,9018
1447859948,14580
1447859949,6966
1447859950,86
1447859956,140
1447859957,606
1447859958,66
1447859959,246
1447859960,66
1447859961,156
1447859962,66
1447859963,66
1447859964,66
1447859965,152
1447859966,66
1447859967,66
1447859968,66
1447859969,66
1447859970,1286
1447859971,3198
1447859972,3198
1447859973,3036
1447859974,3414
1447859975,3446
1447859976,1092
1447859977,66
1447859978,66
1447859979,66
1447859980,152
1447859981,66
1447859982,66
1447859983,66
1447859984,66
1447859985,152
1447859986,66
1447859987,66
1447859988,66
1447859989,66
1447859990,152
1447859991,66
1447859992,66
1447859993,66
1447859994,66
1447859995,152
1447859996,66
1447859997,66
1447859998,66
1447859999,66
1447860000,66
1447860001,66
1447860002,66
1447860003,66
1447860004,66
1447860005,152
1447860006,66
1447860007,66
1447860008,66
1447860009,66
1447860010,152
1447860011,66
1447860012,66
1447860013,66
1447860014,66
1447860015,152
1447860016,66
1447860017,66
1447860018,66
1447860019,66
1447860020,152
1447860021,66
1447860023,66
1447860024,66
1447860025,152
1447860026,66
1447860027,66
1447860028,66
1447860029,66
1447860030,152
1447860031,66
1447860032,66
1447860033,66
1447860034,66
1447860035,152
1447860036,66
1447860037,66
1447860038,66
1447860039,66
1447860040,152
1447860041,66
1447860042,66
1447860043,66
1447860044,66
1447860045,152
1447860046,66
1447860047,66
1447860048,66
1447860049,66
1447860050,66
1447860051,66
1447860052,66
1447860053,66
1447860054,66
1447860055,152
1447860056,66
1447860057,66
1447860058,66
1447860059,66
1447860060,152
1447860061,66
1447860062,66
1447860063,66
1447860064,66
1447860065,152
1447860066,66
1447860067,66
1447860068,66
1447860069,66
1447860070,152
1447860071,66
1447860072,66
1447860073,66
1447860074,66
1447860075,152
1447860076,66
1447860077,66
1447860078,66
1447860079,66
1447860080,152
1447860081,66
1447860082,66
1447860083,66
1447860084,66
1447860085,152
1447860086,66
1447860087,66
1447860088,66
1447860089,66
1447860090,152
1447860091,66
1447860092,66
1447860093,66
1447860094,66
1447860095,152
1447860096,66
1447860097,66
1447860098,66
1447860099,66
1447860100,152
1447860101,66
1447860102,66
1447860103,66
1447860104,66
1447860105,152
1447860106,66
1447860107,66
1447860108,66
1447860109,66
1447860110,152
1447860111,66
1447860112,66
1447860113,66
1447860114,66
1447860115,152
1447860116,66
1447860117,66
1447860118,66
1447860119,66
1447860120,152
1447860121,66
1447860122,66
1447860123,66
1447860124,66
1447860125,152
1447860126,66
1447860127,66
1447860128,66
1447860129,66
1447860130,152
1447860131,66
1447860132,66
1447860133,66
1447860134,66
1447860135,66
1447860136,66
1447860137,66
1447860138,66
1447860139,66
1447860140,152
1447860141,66
1447860142,66
1447860143,66
1447860144,66
1447860145,152
1447860146,66
1447860147,66
1447860148,66
1447860149,66
1447860150,152
1447860151,66
1447860152,66
1447860153,66
1447860154,66
1447860155,152
1447860156,66
1447860157,66
1447860158,66
1447860159,66
1447860160,270
**************************payload****************************
1447859934,6231
1447859935,130163
1447859936,388360
1447859937,240900
1447859938,73700
1447859945,73772
1447859946,255500
1447859947,243820
1447859948,394200
1447859949,188340
1447859956,1460
1447859970,30660
1447859971,84680
1447859972,84680
1447859973,80300
1447859974,90520
1447859975,89060
1447859976,27030
