**************************overload****************************
1447859907,152
1447859908,66
1447859909,66
1447859910,66
1447859911,66
1447859912,152
1447859913,66
1447859914,66
1447859915,66
1447859916,66
1447859917,152
1447859918,66
1447859919,66
1447859920,66
1447859921,66
1447859922,152
1447859923,66
1447859924,66
1447859925,66
1447859926,66
1447859927,66
1447859928,66
1447859929,66
1447859930,66
1447859931,66
1447859932,152
1447859933,66
1447859934,66
1447859935,66
1447859936,66
1447859937,152
1447859938,66
1447859939,66
1447859940,66
1447859941,66
1447859942,152
1447859943,66
1447859944,66
1447859945,66
1447859946,66
1447859947,152
1447859948,66
1447859949,66
1447859950,66
1447859951,66
1447859952,152
1447859953,66
1447859954,66
1447859955,66
1447859956,66
1447859957,152
1447859958,66
1447859959,66
1447859960,66
1447859961,66
1447859962,152
1447859963,66
1447859964,66
1447859965,66
1447859966,66
1447859967,66
1447859968,66
1447859969,66
1447859970,66
1447859971,66
1447859972,152
1447859973,66
1447859974,66
1447859975,66
1447859976,66
1447859977,152
1447859978,66
1447859979,66
1447859980,66
1447859981,66
1447859982,152
1447859983,66
1447859984,66
1447859985,66
1447859986,66
1447859987,152
1447859988,66
1447859989,66
1447859990,66
1447859991,66
1447859992,66
1447859993,66
1447859994,66
1447859995,66
1447859996,66
1447859997,152
1447859998,66
1447859999,66
1447860000,66
1447860001,66
1447860002,152
1447860003,66
1447860004,66
1447860005,66
1447860006,66
1447860007,152
1447860008,66
1447860009,66
1447860010,66
1447860011,66
1447860012,152
1447860013,66
1447860014,66
1447860015,66
1447860016,66
1447860017,152
1447860018,66
1447860020,66
1447860021,66
1447860022,218
1447860023,66
1447860025,66
1447860026,66
1447860027,152
1447860028,66
1447860029,66
1447860030,66
1447860031,66
1447860032,66
1447860033,66
1447860034,66
1447860035,746
1447860036,3090
1447860037,2766
1447860038,3306
1447860039,3306
1447860040,1610
1447860041,3036
1447860042,2766
1447860043,2496
1447860044,390
1447860045,66
1447860046,66
1447860047,66
1447860048,606
1447860049,1146
1447860050,1772
1447860051,66
1447860052,606
1447860053,1146
1447860054,66
1447860055,152
1447860056,66
1447860057,66
1447860058,66
1447860059,66
1447860060,908
1447860061,1902
1447860062,1470
1447860063,1092
1447860064,1902
1447860065,854
1447860066,1740
1447860067,1146
1447860068,2172
1447860069,498
1447860070,1394
1447860071,1182
1447860072,4296
1447860073,5304
1447860074,5808
1447860075,2370
1447860076,5156
1447860077,66
1447860078,66
1447860079,66
1447860080,66
1447860081,152
1447860082,66
1447860083,66
1447860084,66
1447860085,66
1447860086,86
1447860087,66
1447860088,66
1447860089,66
1447860090,66
1447860091,152
1447860092,66
1447860093,66
1447860094,66
1447860095,66
1447860096,152
1447860097,66
1447860098,66
1447860099,66
1447860100,66
1447860101,152
1447860102,66
1447860103,66
1447860104,66
1447860105,66
1447860106,152
1447860107,66
1447860108,66
1447860109,66
1447860110,66
1447860111,152
1447860112,66
1447860113,66
1447860114,66
1447860115,66
1447860116,152
1447860117,66
1447860118,66
1447860119,66
1447860120,66
1447860121,152
1447860122,66
1447860123,66
1447860124,66
1447860125,66
1447860126,152
1447860127,66
1447860128,66
1447860129,66
1447860130,66
1447860131,152
1447860132,66
1447860133,66
1447860134,66
1447860135,66
1447860136,152
1447860137,66
1447860138,66
1447860139,66
1447860140,66
1447860141,152
1447860142,66
1447860143,66
1447860144,66
1447860145,66
1447860146,152
1447860147,66
1447860148,66
1447860149,66
1447860150,66
1447860151,152
1447860152,66
1447860153,66
1447860154,66
1447860155,66
1447860156,512
**************************payload****************************
1447860035,174
1447860036,672
1447860037,600
1447860038,720
1447860039,720
1447860040,360
1447860041,768
1447860042,828
1447860043,540
1447860044,72
1447860060,228
1447860061,408
1447860062,312
1447860063,228
1447860064,408
1447860065,156
1447860066,372
1447860067,240
1447860068,468
1447860069,96
1447860070,276
1447860071,228
1447860073,888
1447860074,1740
1447860075,780
1447860076,192
