**************************overload****************************
1447857824,66
1447857825,66
1447857826,152
1447857827,66
1447857828,66
1447857829,66
1447857830,66
1447857831,152
1447857832,66
1447857833,66
1447857834,66
1447857835,66
1447857836,152
1447857837,66
1447857838,66
1447857839,66
1447857840,66
1447857841,66
1447857842,66
1447857843,66
1447857844,66
1447857845,66
1447857846,152
1447857847,66
1447857848,66
1447857849,66
1447857850,66
1447857851,152
1447857852,66
1447857853,66
1447857854,66
1447857855,66
1447857856,152
1447857857,66
1447857858,228
1447857859,3144
1447857860,4710
1447857861,11718
1447857862,1620
1447857863,86
1447857864,1740
1447857865,66
1447857866,7938
1447857867,54
1447857869,86
1447857870,930
1447857871,426
1447857872,1954
1447857873,2370
1447857874,1882
1447857875,2844
1447857876,1288
1447857877,2118
1447857878,1974
1447857879,2606
1447857880,1632
1447857881,2820
1447857882,6696
1447857883,6696
1447857884,7722
1447857885,86
1447857891,422
1447857892,720
1447857893,156
1447857894,66
1447857895,156
1447857896,156
1447857897,156
1447857898,66
1447857899,246
1447857900,152
1447857901,156
1447857902,66
1447857903,246
1447857904,156
1447857905,152
1447857906,66
1447857907,246
1447857908,156
1447857909,66
1447857910,152
1447857911,66
1447857912,66
1447857913,66
1447857914,66
1447857915,152
1447857916,66
1447857917,66
1447857918,66
1447857919,66
1447857920,152
1447857921,66
1447857922,66
1447857923,66
1447857924,66
1447857925,66
1447857926,66
1447857927,66
1447857928,66
1447857929,66
1447857930,152
1447857931,66
1447857932,66
1447857933,66
1447857934,66
1447857935,152
1447857936,66
1447857937,66
1447857938,66
1447857939,66
1447857940,86
1447857941,66
1447857942,132
1447857943,66
1447857945,152
1447857946,66
1447857947,66
1447857948,132
1447857950,218
1447857952,66
1447857953,66
1447857954,66
1447857955,152
1447857956,66
1447857957,66
1447857958,66
1447857959,66
1447857960,152
1447857961,66
1447857962,66
1447857963,66
1447857964,66
1447857965,152
1447857966,66
1447857967,66
1447857968,66
1447857969,66
1447857970,152
1447857971,66
1447857972,66
1447857973,66
1447857974,66
1447857975,66
1447857976,66
1447857977,66
1447857978,66
1447857979,66
1447857980,152
1447857981,66
1447857982,66
1447857983,66
1447857984,66
1447857985,66
1447857986,66
1447857987,66
1447857988,66
1447857989,66
1447857990,152
1447857991,66
1447857992,66
1447857993,66
1447857994,66
1447857995,152
1447857996,66
1447857997,66
1447857998,66
1447857999,66
1447858000,152
1447858001,66
1447858002,66
1447858003,66
1447858004,66
1447858005,152
1447858006,66
1447858007,66
1447858008,66
1447858009,66
1447858010,152
1447858011,66
1447858012,66
1447858013,66
1447858014,66
1447858015,152
1447858016,66
1447858017,66
1447858018,66
1447858019,66
1447858020,66
1447858021,66
1447858022,66
1447858023,66
1447858024,66
1447858025,152
1447858026,66
1447858027,66
1447858028,66
1447858029,66
1447858030,66
1447858031,66
1447858032,66
1447858033,66
1447858034,66
1447858035,152
1447858036,66
1447858037,66
1447858038,66
1447858039,66
1447858040,152
1447858041,66
1447858042,66
1447858043,66
1447858044,66
1447858045,152
1447858046,66
1447858047,66
1447858048,66
1447858049,66
1447858050,152
1447858051,66
1447858052,66
1447858053,66
1447858054,66
1447858055,152
1447858056,66
1447858057,66
1447858058,66
1447858059,66
1447858060,66
1447858061,66
1447858062,66
1447858063,66
1447858064,66
1447858065,152
1447858066,66
1447858067,66
1447858068,66
1447858069,66
1447858070,152
1447858071,66
1447858072,66
1447858073,66
1447858074,66
1447858075,66
1447858076,66
1447858077,66
1447858078,336
1447858079,180
1447858080,156
1447858081,66
1447858082,426
1447858083,66
1447858084,246
1447858085,156
1447858086,246
1447858087,66
1447858088,336
1447858089,156
1447858090,66
**************************payload****************************
1447857858,78
1447857859,79298
1447857860,122147
1447857861,316820
1447857862,43800
1447857864,1460
1447857866,213947
1447857867,1460
1447857870,1460
1447857872,48180
1447857873,52560
1447857874,43800
1447857875,67160
1447857876,27740
1447857877,55480
1447857878,46720
1447857879,65700
1447857880,42340
1447857881,74460
1447857882,181040
1447857883,181040
1447857884,208240
