**************************overload****************************
1447858034,66
1447858035,66
1447858037,876
1447858038,336
1447858039,606
1447858040,152
1447858041,876
1447858042,66
1447858043,66
1447858044,66
1447858045,242
1447858046,156
1447858047,66
1447858048,66
1447858049,246
1447858050,242
1447858051,66
1447858052,66
1447858053,246
1447858054,156
1447858055,152
1447858056,156
1447858057,156
1447858058,156
1447858059,66
1447858060,332
1447858061,66
1447858062,156
1447858063,66
1447858064,246
1447858065,152
1447858066,156
1447858067,66
1447858068,246
1447858069,66
1447858070,242
1447858071,66
1447858072,246
1447858073,156
1447858074,66
1447858075,152
1447858076,246
1447858077,156
1447858078,66
1447858079,156
1447858080,242
1447858081,156
1447858082,66
1447858083,156
1447858084,156
1447858085,242
1447858086,66
1447858087,246
1447858088,66
1447858089,156
1447858090,152
1447858091,246
1447858092,66
1447858093,156
1447858094,66
1447858095,332
1447858096,66
1447858097,156
1447858098,66
1447858099,1290
1447858100,1772
1447858101,1740
1447858102,2010
1447858103,1794
1447858104,3186
1447858105,2808
1447858106,9320
1447858108,6426
1447858111,810
1447858113,86
1447858115,2550
1447858117,570
1447858118,1934
1447858119,1956
1447858120,2098
1447858121,2100
1447858122,3036
1447858123,1592
1447858124,1998
1447858125,2190
1447858126,2214
1447858127,1476
1447858128,3056
1447858129,3594
1447858130,1332
1447858131,540
1447858132,4188
1447858133,1056
1447858134,1880
1447858135,1008
1447858136,2226
1447858137,1596
1447858138,2970
1447858139,2646
1447858140,86
1447858141,3306
1447858142,786
1447858143,966
1447858144,1056
1447858145,1052
1447858146,1236
1447858147,966
1447858148,1146
1447858149,966
1447858150,1412
1447858151,1056
1447858152,1236
1447858153,1146
1447858154,1146
1447858155,1322
1447858156,1236
1447858157,876
1447858158,1326
1447858159,1056
1447858160,1232
1447858161,1236
1447858162,1170
1447858163,1146
1447858164,1236
1447858165,1232
1447858166,1236
1447858167,1056
1447858168,1146
1447858169,1326
1447858170,1142
1447858171,1236
1447858172,1146
1447858173,1236
1447858174,1056
1447858175,1502
1447858176,1236
1447858177,1146
1447858178,1326
1447858179,1146
1447858180,1412
1447858181,1146
1447858182,1236
1447858183,1236
1447858184,966
1447858185,782
1447858186,426
1447858187,426
1447858188,156
1447858189,66
1447858190,152
1447858191,66
1447858192,66
1447858193,66
1447858194,66
1447858195,66
1447858196,152
1447858197,66
1447858198,66
1447858199,66
1447858200,66
1447858201,152
1447858202,66
1447858203,66
1447858204,66
1447858205,66
1447858206,152
1447858207,66
1447858208,66
1447858209,66
1447858210,66
1447858211,152
1447858212,66
1447858213,66
1447858214,66
1447858215,66
1447858216,152
1447858217,66
1447858218,66
1447858219,66
1447858220,66
1447858221,152
1447858222,66
1447858223,66
1447858224,66
1447858225,66
1447858226,152
1447858227,66
1447858228,66
1447858229,66
1447858230,66
1447858231,152
1447858232,66
1447858233,66
1447858234,66
1447858235,66
1447858236,152
1447858237,66
1447858238,66
1447858240,66
1447858241,66
1447858242,66
1447858243,66
1447858244,66
1447858245,66
1447858246,152
1447858247,66
1447858248,66
1447858249,66
1447858250,66
1447858251,152
1447858252,66
1447858253,66
1447858254,66
1447858255,66
1447858256,152
1447858257,66
1447858258,66
1447858259,66
1447858260,66
1447858261,152
1447858262,66
1447858263,66
1447858264,66
1447858265,66
1447858266,152
1447858267,66
1447858268,66
1447858269,66
1447858270,66
1447858271,152
1447858272,66
1447858273,66
1447858274,66
1447858275,66
1447858276,66
1447858277,66
1447858278,66
1447858279,66
1447858280,66
1447858281,152
1447858282,66
1447858283,66
1447858284,66
1447858285,66
1447858286,152
1447858287,66
1447858288,66
1447858289,66
1447858290,66
1447858291,152
1447858292,66
1447858293,66
1447858294,66
1447858295,66
1447858296,152
1447858297,66
1447858298,66
1447858299,66
1447858300,66
1447858301,152
1447858302,66
1447858303,66
1447858304,66
1447858305,66
1447858306,66
1447858307,66
1447858308,66
1447858309,66
1447858310,66
1447858311,152
1447858312,66
1447858313,66
1447858314,66
1447858315,66
1447858316,152
1447858317,66
1447858318,66
1447858319,66
1447858321,152
1447858322,66
1447858323,66
1447858324,66
1447858325,66
1447858326,152
1447858327,66
1447858328,66
1447858329,66
1447858330,66
1447858331,152
1447858332,66
1447858333,66
1447858334,66
1447858335,66
1447858336,152
1447858337,66
1447858338,66
1447858339,66
1447858340,66
1447858341,152
1447858342,66
1447858343,66
1447858344,66
1447858345,66
1447858346,152
1447858347,66
1447858348,66
1447858349,66
1447858350,66
1447858351,152
1447858352,66
1447858353,66
1447858354,66
1447858355,516
1447858356,66
1447858357,1626
1447858358,66
1447858359,850
1447858360,66
1447858361,352
1447858362,66
1447858363,156
1447858364,156
1447858365,156
1447858366,246
1447858367,66
1447858368,246
1447858369,156
1447858370,156
1447858371,246
1447858372,66
1447858373,156
1447858374,156
1447858375,156
1447858376,156
1447858377,156
1447858378,246
1447858379,156
1447858380,66
1447858381,246
1447858382,156
1447858383,246
1447858384,156
1447858385,66
1447858386,246
1447858387,156
1447858388,246
1447858389,156
1447858390,66
1447858391,246
1447858392,156
1447858393,246
1447858394,156
1447858395,66
1447858396,246
1447858397,156
1447858398,246
1447858399,156
1447858400,66
1447858401,246
1447858402,156
1447858403,246
1447858404,156
1447858405,66
1447858406,246
1447858407,156
1447858408,246
1447858409,156
1447858410,66
1447858411,246
1447858412,156
1447858413,246
1447858414,156
1447858415,66
1447858416,246
1447858417,156
1447858418,246
1447858419,156
1447858420,66
1447858421,246
1447858422,156
1447858423,246
1447858424,156
1447858425,66
1447858426,246
1447858427,156
1447858428,156
1447858429,246
1447858430,66
1447858431,246
1447858432,156
1447858433,156
1447858434,246
1447858435,66
1447858436,246
1447858437,90
1447858438,156
1447858439,246
1447858440,66
1447858441,246
1447858442,66
1447858443,156
1447858444,66
1447858445,66
1447858446,66
1447858447,66
1447858448,66
1447858449,66
1447858450,66
1447858451,66
1447858452,66
1447858453,66
1447858454,66
1447858455,66
1447858456,66
1447858457,66
1447858458,66
**************************payload****************************
1447858099,27160
1447858100,37826
1447858101,45260
1447858102,51170
1447858103,46720
1447858104,82276
1447858105,75556
1447858106,249325
1447858108,173540
1447858111,21900
1447858115,1460
1447858117,1460
1447858118,33580
1447858119,36500
1447858120,35040
1447858121,30660
1447858122,51100
1447858123,21900
1447858124,54020
1447858125,30660
1447858126,59860
1447858127,35040
1447858128,79459
1447858129,17520
1447858130,33580
1447858131,14600
1447858132,84680
1447858134,24820
1447858135,24820
1447858136,29200
1447858137,7300
1447858138,73000
1447858139,71456
1447858357,89
