**************************overload****************************
1447858037,66
1447858038,66
1447858039,66
1447858040,152
1447858041,66
1447858042,66
1447858043,66
1447858044,66
1447858045,152
1447858046,66
1447858047,66
1447858048,66
1447858049,66
1447858050,152
1447858051,66
1447858052,66
1447858053,66
1447858054,66
1447858055,152
1447858056,66
1447858057,66
1447858058,66
1447858059,66
1447858060,152
1447858062,66
1447858063,66
1447858064,66
1447858065,152
1447858066,66
1447858067,66
1447858068,66
1447858069,66
1447858070,152
1447858071,66
1447858072,66
1447858073,66
1447858074,66
1447858075,152
1447858076,66
1447858077,66
1447858078,66
1447858079,66
1447858080,152
1447858081,66
1447858082,66
1447858083,66
1447858084,66
1447858085,152
1447858086,66
1447858087,66
1447858088,66
1447858089,66
1447858090,152
1447858091,66
1447858092,66
1447858093,66
1447858094,66
1447858095,152
1447858096,66
1447858097,66
1447858098,66
1447858099,1252
1447858100,1664
1447858101,1686
1447858102,876
1447858103,1416
1447858104,1092
1447858105,1200
1447858106,2624
1447858108,4104
1447858111,1164
1447858112,1146
1447858113,1682
1447858114,156
1447858115,966
1447858116,1506
1447858117,946
1447858118,1538
1447858119,1578
1447858120,1668
1447858121,1776
1447858122,1404
1447858123,1988
1447858124,2064
1447858125,2028
1447858126,1632
1447858127,1542
1447858128,2132
1447858129,1038
1447858130,1902
1447858131,1458
1447858132,2208
1447858133,2150
1447858134,1902
1447858135,1866
1447858136,1992
1447858137,1380
1447858138,1794
1447858139,1614
1447858140,1196
1447858141,876
1447858142,786
1447858143,1056
1447858144,1146
1447858145,1052
1447858146,1056
1447858147,1056
1447858148,1236
1447858149,1056
1447858150,1232
1447858151,990
1447858152,1326
1447858153,1056
1447858154,1146
1447858155,1322
1447858156,1236
1447858157,1146
1447858158,1146
1447858159,1326
1447858160,1232
1447858161,1056
1447858162,1236
1447858163,1146
1447858164,1236
1447858165,1232
1447858166,1236
1447858167,1236
1447858168,1146
1447858169,1146
1447858170,1322
1447858171,1056
1447858172,1416
1447858173,1146
1447858174,1146
1447858175,1412
1447858176,1236
1447858177,1146
1447858178,1326
1447858179,1146
1447858180,1322
1447858181,1326
1447858182,1146
1447858183,1146
1447858184,1020
1447858185,836
1447858186,426
1447858187,390
1447858188,156
1447858189,66
1447858190,206
1447858191,66
1447858192,66
1447858193,66
1447858194,66
1447858195,66
1447858197,66
1447858198,120
1447858199,66
1447858200,152
1447858201,66
1447858202,66
1447858203,66
1447858204,66
1447858205,66
1447858206,66
1447858207,66
1447858208,66
1447858209,66
1447858210,152
1447858211,66
1447858212,66
1447858213,120
1447858214,66
1447858215,152
1447858216,66
1447858217,66
1447858218,66
1447858219,66
1447858220,66
1447858221,66
1447858222,66
1447858223,66
1447858224,66
1447858225,152
1447858226,66
1447858227,66
1447858228,66
1447858229,66
1447858230,152
1447858231,66
1447858232,66
1447858233,66
1447858234,66
1447858235,152
1447858236,66
1447858237,66
1447858238,66
1447858239,66
1447858240,152
1447858241,66
1447858242,714
1447858243,1740
1447858244,1794
1447858245,1880
1447858246,2010
1447858247,14634
1447858248,8640
1447858249,108
1447858250,140
1447858253,54
1447858257,476
1447858258,66
1447858259,66
1447858260,66
1447858261,66
1447858262,66
1447858263,66
1447858264,66
1447858265,152
1447858266,66
1447858267,66
1447858268,66
1447858269,66
1447858270,152
1447858271,66
1447858272,66
1447858273,66
1447858274,2874
1447858275,4796
1447858276,3846
1447858277,1902
1447858278,1944
1447858279,1902
1447858280,4742
1447858281,972
1447858282,486
1447858283,1512
1447858284,66
1447858285,152
1447858286,66
1447858287,228
1447858288,1902
1447858289,66
1447858290,152
1447858291,66
1447858292,66
1447858293,66
1447858294,66
1447858295,152
1447858296,66
1447858297,66
1447858298,66
1447858299,66
1447858300,152
1447858301,66
1447858302,66
1447858303,66
1447858304,66
1447858305,152
1447858306,66
1447858307,66
1447858308,66
1447858309,66
1447858310,152
1447858311,66
1447858312,66
1447858313,66
1447858314,66
1447858315,152
1447858316,66
1447858317,66
1447858318,66
1447858319,66
1447858320,66
1447858321,152
1447858322,66
1447858323,66
1447858324,66
1447858325,66
1447858326,152
1447858327,66
1447858328,66
1447858329,66
1447858330,66
1447858331,66
1447858332,66
1447858333,66
1447858334,66
1447858335,66
1447858336,152
1447858337,66
1447858338,66
1447858339,66
1447858340,66
1447858341,152
1447858342,66
1447858343,66
1447858344,66
1447858345,66
1447858346,152
1447858347,66
1447858348,66
1447858349,66
1447858350,66
1447858351,66
1447858352,66
1447858353,66
1447858354,66
1447858355,714
1447858356,516
1447858357,1504
1447858358,336
1447858359,638
1447858360,172
1447858361,426
1447858362,66
1447858363,156
1447858364,156
1447858365,246
1447858366,156
1447858367,66
1447858368,246
1447858369,90
1447858370,246
1447858371,156
1447858372,66
1447858373,246
1447858374,156
1447858375,156
1447858376,246
1447858377,66
1447858378,246
1447858379,156
1447858380,156
1447858381,246
1447858382,66
1447858383,246
1447858384,156
1447858385,156
1447858386,156
1447858387,156
1447858388,246
1447858389,156
1447858390,66
1447858391,312
1447858392,90
1447858393,246
1447858394,156
1447858395,66
1447858396,246
1447858397,156
1447858398,246
1447858399,156
1447858400,66
1447858401,246
1447858402,156
1447858403,246
1447858404,156
1447858405,66
1447858406,246
1447858407,156
1447858408,246
1447858409,156
1447858410,66
1447858411,246
1447858412,156
1447858413,246
1447858414,156
1447858415,66
1447858416,246
1447858417,156
1447858418,246
1447858419,156
1447858420,66
1447858421,246
1447858422,156
1447858423,246
1447858424,156
1447858425,66
1447858426,246
1447858427,156
1447858428,246
1447858429,156
1447858430,66
1447858431,246
1447858432,156
1447858433,246
1447858434,156
1447858435,66
1447858436,246
1447858437,156
1447858438,246
1447858439,156
1447858440,66
1447858441,246
1447858442,120
1447858443,156
1447858444,66
1447858445,66
1447858446,66
1447858447,120
1447858448,66
1447858449,66
1447858450,66
1447858451,66
1447858452,66
1447858453,66
1447858454,66
1447858455,66
1447858456,66
1447858457,120
1447858458,66
1447858459,66
**************************payload****************************
1447858099,240
1447858100,336
1447858101,360
1447858102,180
1447858103,300
1447858104,228
1447858105,252
1447858106,564
1447858108,1656
1447858111,264
1447858117,24
1447858118,228
1447858119,156
1447858120,168
1447858121,180
1447858122,192
1447858123,228
1447858124,204
1447858125,216
1447858126,168
1447858127,168
1447858128,180
1447858129,36
1447858130,168
1447858131,324
1447858132,204
1447858133,888
1447858134,760
1447858135,1000
1447858136,760
1447858137,240
1447858138,204
1447858139,204
1447858140,12
1447858184,1460
1447858185,1460
1447858187,1460
1447858190,1460
1447858198,1460
1447858213,1460
1447858242,16283
1447858243,45260
1447858244,46720
1447858245,46720
1447858246,52560
1447858247,395660
1447858248,233600
1447858249,2920
1447858250,1460
1447858253,1460
1447858257,8760
1447858274,75920
1447858275,125560
1447858276,102200
1447858277,49640
1447858278,52560
1447858279,49640
1447858280,124100
1447858281,25521
1447858282,13140
1447858283,40880
1447858287,4380
1447858288,49564
1447858355,25
1447858357,76
1447858442,13
1447858447,13
1447858457,13
