**************************overload****************************
1447857812,152
1447857813,66
1447857814,66
1447857815,66
1447857816,66
1447857817,152
1447857818,66
1447857819,66
1447857820,66
1447857821,66
1447857822,152
1447857823,66
1447857824,66
1447857825,66
1447857826,66
1447857827,152
1447857828,66
1447857829,66
1447857830,66
1447857831,66
1447857832,152
1447857833,66
1447857834,66
1447857835,66
1447857836,66
1447857837,152
1447857838,66
1447857839,66
1447857840,66
1447857841,66
1447857842,152
1447857843,66
1447857844,66
1447857845,66
1447857846,66
1447857847,152
1447857848,66
1447857849,66
1447857850,66
1447857851,66
1447857852,152
1447857853,66
1447857854,66
1447857855,444
1447857856,2550
1447857857,1902
1447857858,2010
1447857859,1794
1447857860,1988
1447857861,2118
1447857862,1308
1447857863,1416
1447857864,1902
1447857865,1718
1447857866,444
1447857867,1362
1447857868,2532
1447857869,2694
1447857870,2096
1447857871,66
1447857872,246
1447857873,156
1447857874,66
1447857875,152
1447857876,246
1447857877,156
1447857878,66
1447857879,156
1447857880,242
1447857881,156
1447857882,156
1447857883,300
1447857884,210
1447857885,242
1447857886,156
1447857887,246
1447857888,66
1447857889,156
1447857890,152
1447857891,180
1447857892,66
1447857893,426
1447857894,336
1447857895,332
1447857896,66
1447857897,336
1447857898,66
1447857899,246
1447857900,242
1447857901,66
1447857902,66
1447857903,246
1447857904,156
1447857905,152
1447857906,156
1447857907,156
1447857908,156
1447857909,66
1447857910,332
1447857911,66
1447857912,156
1447857913,66
1447857914,246
1447857915,152
1447857916,156
1447857917,66
1447857918,246
1447857919,66
1447857920,242
1447857921,66
1447857922,246
1447857923,156
1447857924,66
1447857925,152
1447857926,246
1447857927,156
1447857928,66
1447857929,66
1447857930,332
1447857931,156
1447857932,66
1447857933,156
1447857934,156
1447857935,156
1447857936,66
1447857937,246
1447857938,66
1447857939,156
1447857940,152
1447857941,246
1447857942,66
1447857943,156
1447857944,66
1447857945,332
1447857946,66
1447857947,156
1447857948,66
1447857949,246
1447857950,242
1447857951,66
1447857952,66
1447857953,246
1447857954,156
1447857955,152
1447857956,120
1447857957,2928
1447857958,3252
1447857959,4602
1447857960,19796
1447857961,6696
1447857967,260
1447857968,120
1447857969,66
1447857970,66
1447857971,66
1447857972,570
1447857973,516
1447857974,66
1447857975,152
1447857976,336
1447857977,66
1447857978,66
1447857979,66
1447857980,152
1447857981,66
1447857982,66
1447857983,66
1447857984,66
1447857985,152
1447857986,66
1447857987,66
1447857988,66
1447857989,66
1447857990,152
1447857991,66
1447857992,66
1447857993,66
1447857994,66
1447857995,2300
1447857996,11232
1447857999,246
1447858000,602
1447858001,516
1447858002,66
1447858003,66
1447858004,336
1447858005,152
1447858006,66
1447858007,66
1447858008,1740
1447858009,3780
1447858010,2798
1447858011,876
1447858012,66
1447858013,66
1447858014,66
1447858015,152
1447858016,66
1447858017,66
1447858018,66
1447858019,66
1447858020,152
1447858021,66
1447858022,66
1447858023,66
1447858024,66
1447858025,152
1447858026,66
1447858027,66
1447858028,66
1447858029,66
1447858030,152
1447858031,66
1447858032,66
1447858033,66
1447858034,66
1447858035,152
1447858036,66
1447858037,66
1447858038,66
1447858039,66
1447858040,152
1447858041,66
1447858042,66
1447858043,66
1447858044,66
1447858045,152
1447858046,66
1447858047,66
1447858048,66
1447858049,66
1447858050,152
1447858051,66
1447858052,66
1447858053,66
1447858054,66
1447858055,152
1447858056,66
1447858057,66
1447858058,66
1447858059,66
1447858060,152
1447858061,66
1447858062,66
1447858063,66
1447858064,66
1447858065,152
1447858066,66
1447858067,426
**************************payload****************************
1447857855,126
1447857856,552
1447857857,408
1447857858,432
1447857859,384
1447857860,228
1447857861,276
1447857862,276
1447857863,300
1447857864,228
1447857865,348
1447857866,84
1447857867,288
1447857868,528
1447857869,564
1447857870,432
1447857883,24
1447857884,24
1447857956,1460
1447857957,72461
1447857958,74403
1447857959,108429
1447857960,526980
1447857961,181040
1447857967,2920
1447857968,1460
1447857972,1460
1447857995,59860
1447857996,303680
1447858008,45260
1447858009,102200
1447858010,59667
1447858011,18071
