**************************overload****************************
1447859383,246
1447859384,336
1447859385,336
1447859386,156
1447859387,422
1447859388,336
1447859389,246
1447859390,336
1447859391,336
1447859392,422
1447859393,156
1447859394,336
1447859395,336
1447859396,246
1447859397,422
1447859398,336
1447859399,336
1447859400,246
1447859401,246
1447859402,422
1447859403,336
1447859404,246
1447859405,336
1447859406,336
1447859407,266
1447859408,246
1447859409,336
1447859410,336
1447859411,246
1447859412,584
1447859413,660
1447859414,1578
1447859415,1938
1447859416,3414
1447859417,2204
1447859418,1164
1447859419,1740
1447859420,2064
1447859421,1578
1447859422,1538
1447859423,1308
1447859424,876
1447859425,3162
1447859426,876
1447859427,1988
1447859428,1902
1447859429,2622
1447859430,2190
1447859431,336
1447859432,332
1447859433,336
1447859434,336
1447859435,336
1447859436,246
1447859437,332
1447859438,336
1447859439,336
1447859440,246
1447859441,336
1447859442,422
1447859443,336
1447859444,156
1447859445,336
1447859446,336
1447859447,332
1447859448,336
1447859449,336
1447859450,336
1447859451,156
1447859452,422
1447859453,336
1447859454,246
1447859455,336
1447859456,336
1447859457,422
1447859458,246
1447859459,246
1447859460,336
1447859461,246
1447859462,422
1447859463,336
1447859464,336
1447859465,246
1447859466,246
1447859467,422
1447859468,270
1447859469,312
1447859470,180
1447859471,156
1447859472,242
1447859473,66
1447859474,66
1447859475,336
1447859476,246
1447859477,242
1447859478,66
1447859479,426
1447859480,156
1447859481,156
1447859482,242
1447859483,246
1447859484,156
1447859485,246
1447859486,156
1447859487,332
1447859488,156
1447859489,246
1447859490,246
1447859491,156
1447859492,332
1447859493,156
1447859494,336
1447859495,66
1447859496,336
1447859497,152
1447859498,336
1447859499,66
1447859500,336
1447859501,66
1447859502,422
1447859503,66
1447859504,336
1447859505,66
1447859506,336
1447859507,242
1447859508,246
1447859509,156
1447859510,246
1447859511,156
1447859512,332
1447859513,156
1447859514,246
1447859515,246
1447859516,372
1447859517,2006
1447859518,2154
1447859519,1992
1447859520,1146
1447859521,2208
1447859522,2024
1447859523,2208
1447859524,9390
1447859525,3774
1447859526,6168
1447859527,4706
1447859528,6528
1447859529,17652
1447859530,11802
1447859531,156
1447859532,332
1447859533,156
1447859534,246
1447859535,246
1447859536,156
1447859537,332
1447859538,156
1447859539,336
1447859540,66
1447859541,336
1447859542,152
1447859543,336
1447859544,66
1447859545,246
1447859549,512
1447859551,336
1447859552,66
1447859553,246
1447859554,332
1447859555,246
1447859556,246
1447859557,156
1447859558,246
1447859559,242
1447859560,246
1447859561,156
1447859562,336
1447859563,66
1447859564,422
1447859565,66
1447859566,336
1447859567,66
1447859568,336
1447859569,152
1447859570,270
1447859571,132
1447859572,270
1447859573,156
1447859574,332
1447859575,156
1447859576,246
1447859577,156
1447859578,156
1447859579,152
1447859580,156
1447859581,66
1447859582,66
1447859583,66
1447859584,152
1447859585,66
1447859586,66
1447859587,66
1447859588,66
1447859589,152
1447859590,66
1447859591,66
1447859592,66
1447859593,66
1447859594,152
1447859595,66
1447859596,66
1447859597,66
1447859598,66
1447859599,152
1447859600,66
1447859601,66
1447859602,66
1447859603,66
1447859604,152
1447859605,66
1447859606,66
1447859607,66
1447859608,66
1447859609,152
1447859610,66
1447859611,66
1447859612,66
1447859613,66
1447859614,152
1447859615,66
1447859616,66
1447859617,66
1447859618,66
1447859619,152
1447859620,66
1447859621,66
1447859622,66
1447859623,66
1447859624,152
1447859625,66
1447859626,66
1447859627,336
1447859628,66
1447859629,422
1447859630,66
1447859631,426
1447859632,156
1447859633,156
**************************payload****************************
1447859412,78
1447859413,3087
1447859414,276
1447859415,396
1447859416,1044
1447859417,468
1447859418,204
1447859419,312
1447859420,384
1447859421,276
1447859422,288
1447859423,216
1447859424,120
1447859425,648
1447859426,120
1447859427,348
1447859428,348
1447859429,624
1447859430,432
1447859516,90
1447859517,39405
1447859518,53627
1447859519,42340
1447859520,28625
1447859521,55480
1447859522,33305
1447859523,40758
1447859524,243224
1447859525,97820
1447859526,157680
1447859527,118260
1447859528,172280
1447859529,473040
1447859530,312121
