**************************overload****************************
1447859387,66
1447859388,66
1447859389,152
1447859390,66
1447859391,66
1447859392,66
1447859393,66
1447859394,152
1447859395,66
1447859396,66
1447859397,66
1447859398,66
1447859399,152
1447859400,66
1447859401,66
1447859402,66
1447859403,66
1447859404,152
1447859405,66
1447859406,66
1447859407,66
1447859408,66
1447859409,152
1447859410,66
1447859411,66
1447859412,462
1447859413,660
1447859414,1862
1447859415,3270
1447859416,2712
1447859417,2802
1447859418,4032
1447859419,2708
1447859420,3090
1447859421,2658
1447859422,3090
1447859423,3648
1447859424,3272
1447859425,4944
1447859426,966
1447859427,12132
1447859428,9450
1447859429,6998
1447859430,5778
1447859434,86
1447859436,2226
1447859437,90
1447859438,336
1447859439,422
1447859440,246
1447859441,336
1447859442,336
1447859443,336
1447859444,332
1447859445,246
1447859446,336
1447859447,246
1447859448,336
1447859449,422
1447859450,336
1447859451,156
1447859452,336
1447859453,336
1447859454,332
1447859455,336
1447859456,336
1447859457,336
1447859458,180
1447859459,332
1447859460,336
1447859461,246
1447859462,336
1447859463,336
1447859464,422
1447859465,66
1447859466,66
1447859467,66
1447859468,66
1447859469,152
1447859470,66
1447859471,66
1447859472,66
1447859473,66
1447859474,152
1447859475,66
1447859476,66
1447859477,246
1447859478,156
1447859479,422
1447859480,66
1447859481,336
1447859482,156
1447859483,246
1447859484,152
1447859485,336
1447859486,66
1447859487,336
1447859488,66
1447859489,422
1447859490,66
1447859491,336
1447859492,66
1447859493,336
1447859494,152
1447859495,336
1447859496,66
1447859497,336
1447859498,66
1447859499,422
1447859500,156
1447859501,246
1447859502,156
1447859503,246
1447859504,242
1447859505,246
1447859506,156
1447859507,246
1447859508,246
1447859509,242
1447859510,246
1447859511,156
1447859512,336
1447859513,66
1447859514,422
1447859515,66
1447859516,336
1447859517,66
1447859518,336
1447859519,152
1447859520,336
1447859521,66
1447859522,336
1447859523,156
1447859524,332
1447859525,156
1447859526,246
1447859527,156
1447859528,246
1447859529,242
1447859530,246
1447859531,246
1447859532,156
1447859533,246
1447859534,242
1447859535,336
1447859536,66
1447859537,336
1447859538,66
1447859539,422
1447859540,66
1447859541,336
1447859542,66
1447859543,336
1447859544,152
1447859545,336
1447859546,66
1447859547,336
1447859548,156
1447859549,332
1447859550,156
1447859551,246
1447859552,156
1447859553,246
1447859554,242
1447859555,246
1447859556,156
1447859557,246
1447859558,246
1447859559,242
1447859560,246
1447859561,156
1447859562,336
1447859563,66
1447859564,422
1447859565,66
1447859566,336
1447859567,66
1447859568,336
1447859569,152
1447859570,336
1447859571,66
1447859572,336
1447859573,156
1447859574,332
1447859575,156
1447859576,246
1447859577,156
1447859578,246
1447859579,332
1447859580,156
1447859581,156
1447859582,156
1447859583,66
1447859584,242
1447859585,66
1447859586,66
1447859587,66
1447859588,66
1447859589,152
1447859590,66
1447859591,66
1447859592,66
1447859593,66
1447859594,152
1447859595,66
1447859596,66
1447859597,66
1447859598,66
1447859599,152
1447859600,66
1447859601,66
1447859602,66
1447859603,66
1447859604,152
1447859605,66
1447859606,66
1447859607,66
1447859608,66
1447859609,152
1447859610,66
1447859611,66
1447859612,66
1447859613,66
1447859614,152
1447859615,66
1447859616,66
1447859617,66
1447859618,66
1447859619,152
1447859620,66
1447859621,66
1447859622,66
1447859623,66
1447859624,152
1447859625,66
1447859627,66
1447859628,66
1447859629,152
1447859630,66
1447859631,66
1447859632,66
1447859633,66
1447859634,152
1447859635,66
**************************payload****************************
1447859412,90
1447859413,2986
1447859414,42563
1447859415,80370
1447859416,64240
1447859417,64240
1447859418,106580
1447859419,64240
1447859420,74460
1447859421,62780
1447859422,74460
1447859423,91980
1447859424,86140
1447859425,119584
1447859426,12126
1447859427,321869
1447859428,255500
1447859429,186880
1447859430,155298
