**************************overload****************************
1447858588,66
1447858589,66
1447858590,66
1447858591,152
1447858592,66
1447858593,66
1447858594,66
1447858595,66
1447858596,152
1447858597,66
1447858599,66
1447858600,66
1447858601,152
1447858602,66
1447858603,66
1447858604,66
1447858605,66
1447858606,152
1447858607,66
1447858608,66
1447858609,66
1447858610,66
1447858611,152
1447858612,66
1447858613,66
1447858614,66
1447858615,66
1447858616,152
1447858617,66
1447858618,66
1447858619,66
1447858620,66
1447858621,152
1447858622,66
1447858623,66
1447858624,66
1447858625,66
1447858626,152
1447858627,66
1447858628,66
1447858629,66
1447858630,66
1447858631,368
1447858632,2280
1447858633,1524
1447858634,1578
1447858635,2172
1447858636,4374
1447858637,962
1447858638,66
1447858639,876
1447858640,966
1447858641,156
1447858642,1196
1447858643,1452
1447858644,3000
1447858645,246
1447858646,66
1447858647,1034
1447858648,1092
1447858649,1182
1447858650,984
1447858651,1326
1447858652,1506
1447858653,1340
1447858654,372
1447858655,1830
1447858656,1668
1447858657,984
1447858658,1056
1447858659,534
1447858660,1794
1447858661,782
1447858662,588
1447858663,156
1447858664,768
1447858665,4788
1447858666,1628
1447858667,66
1447858668,156
1447858669,156
1447858670,156
1447858671,746
1447858672,1596
1447858673,1344
1447858674,1362
1447858675,1074
1447858676,1484
1447858677,1506
1447858678,1092
1447858679,732
1447858680,1416
1447858681,2132
1447858682,3396
1447858683,3018
1447858684,2424
1447858685,2604
1447858686,2136
1447858687,152
1447858688,156
1447858689,66
1447858690,246
1447858691,156
1447858692,152
1447858693,156
1447858694,156
1447858695,156
1447858696,66
1447858697,332
1447858698,156
1447858699,66
1447858700,516
1447858701,90
1447858702,602
1447858703,66
1447858704,606
1447858705,222
1447858707,242
1447858708,156
1447858709,156
1447858710,66
1447858711,246
1447858712,242
1447858713,66
1447858714,156
1447858715,156
1447858716,156
1447858717,152
1447858718,246
1447858719,156
1447858720,66
1447858721,156
1447858722,242
1447858723,156
1447858724,66
1447858725,246
1447858726,156
1447858727,152
1447858728,156
1447858729,156
1447858730,156
1447858731,66
1447858732,2024
1447858733,2982
1447858734,3306
1447858735,3630
1447858736,2712
1447858737,3500
1447858738,3252
1447858739,3252
1447858740,3036
1447858741,1038
1447858742,66
1447858743,2744
1447858744,2982
1447858745,3036
1447858746,3306
1447858747,2550
1447858748,2366
1447858749,390
1447858750,2496
1447858751,4440
1447858752,2376
1447858753,4364
1447858754,15552
1447858755,11340
1447858756,5346
1447858757,54
1447858758,54
1447858760,54
1447858763,530
1447858764,66
1447858765,8004
1447858766,10704
1447858767,3252
1447858768,1524
1447858769,2928
1447858770,3144
1447858771,4104
1447858772,2118
1447858773,2690
1447858774,6006
1447858775,2214
1447858776,66
1447858777,66
1447858778,152
1447858779,66
1447858780,66
1447858781,66
1447858782,66
1447858783,152
1447858784,66
1447858785,66
1447858786,66
1447858787,66
1447858788,152
1447858789,66
1447858790,66
1447858791,66
1447858792,66
1447858793,152
1447858794,66
1447858795,66
1447858796,66
1447858797,66
1447858798,152
1447858799,66
1447858800,66
1447858801,66
1447858802,66
1447858803,152
1447858804,66
1447858805,66
1447858806,66
1447858807,66
1447858808,66
1447858809,66
1447858810,66
1447858811,66
1447858812,66
1447858813,152
1447858814,66
1447858815,66
1447858816,66
1447858817,66
1447858818,152
1447858819,66
1447858820,66
1447858821,66
1447858822,66
1447858823,152
1447858824,66
1447858825,66
1447858826,66
1447858827,66
1447858828,152
1447858829,66
1447858830,66
1447858831,66
1447858832,66
1447858833,152
1447858834,66
1447858835,66
1447858836,66
1447858837,66
1447858838,152
1447858839,66
1447858840,66
1447858841,66
1447858842,66
1447858843,66
1447858844,66
1447858845,66
1447858846,66
1447858847,66
1447858848,152
1447858849,66
1447858850,66
1447858851,66
1447858852,66
1447858853,152
1447858854,66
1447858855,66
1447858856,66
1447858857,66
1447858858,152
1447858859,336
1447858860,270
**************************payload****************************
1447858631,90
1447858632,492
1447858633,324
1447858634,336
1447858635,288
1447858636,972
1447858642,24
1447858643,396
1447858644,552
1447858647,156
1447858648,228
1447858649,228
1447858650,204
1447858651,240
1447858652,300
1447858653,264
1447858654,48
1447858655,372
1447858656,336
1447858657,204
1447858658,180
1447858659,84
1447858660,384
1447858661,120
1447858662,96
1447858664,312
1447858665,2400
1447858666,920
1447858671,144
1447858672,300
1447858673,264
1447858674,288
1447858675,204
1447858676,276
1447858677,300
1447858678,228
1447858679,108
1447858680,300
1447858681,588
1447858682,1800
1447858683,1224
1447858684,504
1447858685,564
1447858686,420
1447858732,44680
1447858733,70421
1447858734,79574
1447858735,93733
1447858736,67136
1447858737,75676
1447858738,71296
1447858739,71296
1447858740,66575
1447858741,22569
1447858743,55924
1447858744,66892
1447858745,66693
1447858746,72756
1447858747,61912
1447858748,51201
1447858749,8760
1447858750,63466
1447858751,112737
1447858752,63365
1447858753,110409
1447858754,420145
1447858755,306600
1447858756,144540
1447858757,1460
1447858758,1460
1447858760,1460
1447858763,2920
1447858765,207320
1447858766,287620
1447858767,78840
1447858768,39420
1447858769,77380
1447858770,76645
1447858771,109903
1447858772,46821
1447858773,56250
1447858774,148230
1447858775,59014
