**************************overload****************************
1447860679,66
1447860680,66
1447860681,66
1447860682,152
1447860683,66
1447860684,66
1447860685,66
1447860686,66
1447860687,152
1447860688,66
1447860689,66
1447860690,66
1447860691,66
1447860692,152
1447860693,66
1447860694,66
1447860695,66
1447860696,66
1447860697,152
1447860698,66
1447860699,66
1447860700,66
1447860701,66
1447860702,152
1447860703,66
1447860704,66
1447860705,66
1447860706,66
1447860707,152
1447860708,66
1447860709,66
1447860710,66
1447860711,66
1447860712,152
1447860713,66
1447860714,66
1447860715,66
1447860716,66
1447860717,152
1447860718,66
1447860719,66
1447860720,66
1447860721,66
1447860722,152
1447860723,66
1447860724,66
1447860725,66
1447860726,66
1447860727,152
1447860728,66
1447860729,66
1447860730,66
1447860731,66
1447860732,152
1447860733,66
1447860734,66
1447860735,66
1447860736,66
1447860737,152
1447860738,66
1447860739,66
1447860740,66
1447860741,66
1447860742,152
1447860743,66
1447860744,66
1447860745,66
1447860746,66
1447860747,152
1447860748,66
1447860749,66
1447860750,66
1447860751,66
1447860752,152
1447860753,66
1447860754,66
1447860755,66
1447860756,66
1447860757,152
1447860758,66
1447860759,66
1447860760,66
1447860761,66
1447860762,152
1447860763,66
1447860764,66
1447860765,66
1447860766,66
1447860767,152
1447860768,66
1447860769,66
1447860770,66
1447860771,66
1447860772,152
1447860773,66
1447860774,66
1447860775,66
1447860776,66
1447860777,152
1447860778,66
1447860779,66
1447860780,66
1447860781,66
1447860782,152
1447860783,66
1447860784,66
1447860785,66
1447860786,66
1447860787,152
1447860788,66
1447860789,66
1447860790,66
1447860791,66
1447860792,152
1447860793,66
1447860794,66
1447860795,66
1447860796,66
1447860797,152
1447860798,66
1447860799,66
1447860800,66
1447860801,66
1447860802,152
1447860803,66
1447860804,66
1447860805,66
1447860806,66
1447860807,152
1447860808,444
1447860809,1884
1447860810,2592
1447860811,2862
1447860812,152
1447860813,1794
1447860814,1686
1447860815,1254
1447860816,66
1447860817,152
1447860818,66
1447860819,336
1447860820,426
1447860821,334
1447860822,152
1447860823,1324
1447860824,1344
1447860825,1524
1447860826,876
1447860827,1614
1447860828,1502
1447860829,1308
1447860830,1614
1447860831,696
1447860832,1362
1447860833,1826
1447860834,2658
1447860835,984
1447860836,570
1447860837,246
1447860838,152
1447860839,66
1447860840,336
1447860841,336
1447860842,1542
1447860843,242
1447860844,264
1447860845,516
1447860846,216
1447860847,66
1447860848,242
1447860849,156
1447860850,66
1447860851,66
1447860852,156
1447860853,152
1447860854,66
1447860855,156
1447860856,156
1447860857,66
1447860858,152
1447860859,156
1447860860,66
1447860861,156
1447860862,66
1447860863,242
1447860864,66
1447860865,156
1447860866,66
1447860867,66
1447860868,242
1447860869,66
1447860870,156
1447860871,66
1447860872,156
1447860873,152
1447860874,66
1447860875,156
1447860876,66
1447860877,156
1447860878,152
1447860879,156
1447860880,66
1447860881,66
1447860882,66
1447860883,152
1447860884,66
1447860885,66
1447860886,66
1447860887,66
1447860888,152
1447860889,66
1447860890,66
1447860891,66
1447860892,66
1447860893,152
1447860894,66
1447860895,66
1447860896,66
1447860897,66
1447860898,152
1447860899,66
1447860900,66
1447860901,66
1447860902,66
1447860903,152
1447860904,66
1447860905,66
1447860906,66
1447860907,66
1447860908,152
1447860909,66
1447860910,66
1447860911,66
1447860912,66
1447860913,152
1447860914,66
1447860915,66
1447860916,66
1447860917,66
1447860918,152
1447860919,66
1447860920,66
1447860921,66
1447860922,66
1447860923,242
**************************payload****************************
1447860808,2167
1447860809,384
1447860810,576
1447860811,636
1447860813,432
1447860814,360
1447860815,396
1447860821,72
1447860823,192
1447860824,264
1447860825,324
1447860826,180
1447860827,324
1447860828,300
1447860829,276
1447860830,324
1447860831,120
1447860832,288
1447860833,372
1447860834,780
1447860835,204
1447860836,72
1447860842,300
1447860844,25
1447860845,1550
1447860846,605
