**************************overload****************************
1447860683,66
1447860684,66
1447860685,152
1447860686,66
1447860687,66
1447860688,66
1447860689,66
1447860690,152
1447860691,66
1447860692,66
1447860693,66
1447860694,66
1447860695,152
1447860696,66
1447860697,66
1447860698,66
1447860699,66
1447860700,152
1447860701,66
1447860702,66
1447860703,66
1447860704,66
1447860705,152
1447860706,66
1447860707,66
1447860708,174
1447860709,498
1447860710,3878
1447860711,11784
1447860712,66
1447860713,66
1447860715,2312
1447860716,3684
1447860717,2928
1447860718,5520
1447860719,14958
1447860720,11318
1447860721,8478
1447860722,7398
1447860723,54
1447860724,54
1447860725,86
1447860726,54
1447860730,86
1447860731,156
1447860732,334
1447860733,586
1447860734,3240
1447860735,3392
1447860736,13188
1447860737,1350
1447860739,66
1447860740,734
1447860741,1848
1447860742,66
1447860743,66
1447860744,66
1447860745,152
1447860746,66
1447860747,132
1447860749,66
1447860750,152
1447860751,66
1447860752,66
1447860753,66
1447860754,66
1447860755,152
1447860756,66
1447860757,66
1447860758,66
1447860759,66
1447860760,152
1447860761,66
1447860762,66
1447860763,66
1447860764,66
1447860765,152
1447860766,66
1447860767,66
1447860768,66
1447860769,66
1447860770,152
1447860771,66
1447860772,66
1447860773,66
1447860774,66
1447860775,152
1447860776,66
1447860777,66
1447860778,66
1447860779,66
1447860780,152
1447860781,66
1447860782,66
1447860783,66
1447860784,66
1447860785,152
1447860786,66
1447860787,66
1447860788,66
1447860789,66
1447860790,152
1447860791,66
1447860792,66
1447860793,66
1447860794,66
1447860795,152
1447860796,66
1447860797,66
1447860798,66
1447860799,66
1447860800,152
1447860801,66
1447860802,66
1447860803,66
1447860804,66
1447860805,152
1447860806,66
1447860807,66
1447860808,66
1447860809,66
1447860810,152
1447860811,66
1447860812,66
1447860813,66
1447860814,66
1447860815,152
1447860816,66
1447860817,66
1447860818,66
1447860819,66
1447860820,152
1447860821,66
1447860822,66
1447860823,66
1447860824,66
1447860825,152
1447860826,66
1447860827,66
1447860828,66
1447860829,66
1447860830,152
1447860831,66
1447860832,66
1447860833,66
1447860834,66
1447860835,152
1447860836,66
1447860837,66
1447860838,66
1447860839,66
1447860840,152
1447860841,66
1447860842,66
1447860843,66
1447860844,66
1447860845,152
1447860846,66
1447860847,66
1447860848,66
1447860849,66
1447860850,152
1447860851,66
1447860852,66
1447860853,66
1447860854,66
1447860855,152
1447860856,66
1447860857,66
1447860858,66
1447860859,66
1447860860,152
1447860861,66
1447860862,66
1447860863,66
1447860864,66
1447860865,152
1447860866,66
1447860867,66
1447860868,66
1447860869,66
1447860870,152
1447860871,66
1447860872,66
1447860873,66
1447860874,66
1447860875,152
1447860876,66
1447860877,66
1447860878,66
1447860879,66
1447860880,152
1447860881,66
1447860882,66
1447860883,66
1447860884,66
1447860885,152
1447860886,66
1447860887,66
1447860888,66
1447860889,66
1447860890,152
1447860891,66
1447860892,66
1447860893,66
1447860894,66
1447860895,152
1447860896,66
1447860897,66
1447860898,66
1447860899,66
1447860900,86
1447860901,66
1447860902,132
1447860903,66
1447860904,66
1447860905,152
1447860906,66
1447860907,66
1447860908,66
1447860909,66
1447860910,86
1447860911,132
1447860912,66
1447860913,66
1447860914,66
1447860915,152
1447860917,132
1447860918,66
1447860919,66
1447860920,152
1447860921,66
1447860922,66
1447860923,66
1447860924,66
1447860925,152
1447860926,180
**************************payload****************************
1447860708,32
1447860709,3044
1447860710,97029
1447860711,315957
1447860715,48504
1447860716,95346
1447860717,77380
1447860718,147460
1447860719,404420
1447860720,303680
1447860721,229220
1447860722,200020
1447860723,1460
1447860724,1460
1447860726,1460
1447860732,4380
1447860733,3010
1447860734,83889
1447860735,87600
1447860736,353332
1447860737,36500
1447860740,14903
1447860741,43978
