**************************overload****************************
1447860681,66
1447860682,66
1447860683,152
1447860684,66
1447860685,66
1447860686,66
1447860687,66
1447860688,152
1447860689,66
1447860690,66
1447860691,66
1447860692,66
1447860693,152
1447860694,66
1447860695,66
1447860696,66
1447860697,66
1447860698,152
1447860699,66
1447860700,66
1447860701,66
1447860702,66
1447860703,152
1447860704,66
1447860705,66
1447860706,66
1447860707,66
1447860708,152
1447860709,498
1447860710,2118
1447860711,2388
1447860712,66
1447860713,152
1447860714,66
1447860715,1578
1447860716,1092
1447860717,1740
1447860718,1718
1447860719,2226
1447860720,3198
1447860721,2052
1447860722,1614
1447860723,242
1447860724,516
1447860725,156
1447860726,606
1447860727,156
1447860728,332
1447860729,66
1447860730,156
1447860731,460
1447860732,318
1447860733,366
1447860734,2928
1447860735,1578
1447860736,1578
1447860737,1038
1447860738,152
1447860739,66
1447860740,336
1447860741,930
1447860742,66
1447860743,152
1447860744,66
1447860745,66
1447860746,66
1447860747,66
1447860748,152
1447860749,66
1447860750,66
1447860751,66
1447860752,66
1447860753,152
1447860754,66
1447860755,66
1447860756,66
1447860757,66
1447860758,152
1447860759,66
1447860760,66
1447860761,66
1447860762,66
1447860763,152
1447860764,66
1447860765,66
1447860766,66
1447860767,66
1447860768,152
1447860769,66
1447860770,66
1447860771,246
1447860772,246
1447860773,152
1447860774,66
1447860775,246
1447860776,66
1447860777,66
1447860778,242
1447860779,156
1447860780,66
1447860781,66
1447860782,156
1447860783,152
1447860784,156
1447860785,66
1447860786,156
1447860787,66
1447860788,242
1447860789,66
1447860790,66
1447860791,156
1447860792,66
1447860793,242
1447860794,66
1447860795,156
1447860796,66
1447860797,66
1447860798,242
1447860799,66
1447860800,156
1447860801,66
1447860802,156
1447860803,152
1447860804,66
1447860805,156
1447860806,66
1447860807,156
1447860808,638
1447860809,2100
1447860810,3198
1447860811,8370
1447860812,54
1447860813,5756
1447860814,13500
1447860815,2106
1447860816,54
1447860817,54
1447860819,422
1447860820,336
1447860821,66
1447860822,66
1447860823,1362
1447860824,2726
1447860825,4332
1447860826,2226
1447860827,3504
1447860828,2982
1447860829,4094
1447860830,4152
1447860831,2262
1447860832,12312
1447860833,9072
1447860834,6404
1447860835,3618
1447860836,648
1447860840,140
1447860841,300
1447860842,1776
1447860843,66
1447860844,174
1447860845,512
1447860846,228
1447860847,66
1447860848,156
1447860849,156
1447860850,152
1447860851,66
1447860852,156
1447860853,66
1447860854,66
1447860855,242
1447860856,156
1447860857,66
1447860858,66
1447860859,156
1447860860,152
1447860861,156
1447860862,66
1447860863,156
1447860864,66
1447860865,242
1447860866,66
1447860867,66
1447860868,156
1447860869,66
1447860870,242
1447860871,66
1447860872,156
1447860873,66
1447860874,66
1447860875,242
1447860876,66
1447860877,156
1447860878,66
1447860879,156
1447860880,152
1447860881,66
1447860882,66
1447860883,66
1447860884,66
1447860885,152
1447860886,66
1447860887,66
1447860888,66
1447860889,66
1447860890,152
1447860891,66
1447860892,66
1447860893,66
1447860894,66
1447860895,152
1447860896,66
1447860897,66
1447860898,66
1447860899,66
1447860900,152
1447860901,66
1447860902,66
1447860903,66
1447860904,66
1447860905,152
1447860906,66
1447860907,66
1447860908,66
1447860909,66
1447860910,152
1447860911,66
1447860912,66
1447860913,66
1447860914,66
1447860915,152
1447860916,66
1447860917,66
1447860918,66
1447860919,66
1447860920,152
1447860921,66
1447860922,66
1447860923,66
1447860924,156
**************************payload****************************
1447860709,3153
1447860710,456
1447860711,516
1447860715,336
1447860716,228
1447860717,384
1447860718,348
1447860719,528
1447860720,744
1447860721,468
1447860722,264
1447860731,25
1447860732,24
1447860733,66
1447860734,636
1447860735,336
1447860736,3351
1447860737,276
1447860740,60
1447860741,192
1447860808,3165
1447860809,48456
1447860810,71073
1447860811,218303
1447860812,1460
1447860813,152532
1447860814,362267
1447860815,56940
1447860816,1460
1447860817,1460
1447860823,27740
1447860824,67160
1447860825,115340
1447860826,58294
1447860827,87613
1447860828,66681
1447860829,98583
1447860830,107072
1447860831,56449
1447860832,327022
1447860833,245280
1447860834,170820
1447860835,97820
1447860836,17520
1447860840,1460
1447860841,1460
1447860842,42551
1447860844,24
1447860845,102
1447860846,3051
