**************************overload****************************
1447859527,66
1447859528,66
1447859529,66
1447859530,1038
1447859531,2798
1447859532,3306
1447859533,3456
1447859534,1964
1447859535,2872
1447859536,2460
1447859537,3304
1447859538,2492
1447859539,3534
1447859540,3360
1447859541,3510
1447859542,12032
1447859543,4482
1447859544,54
1447859545,54
1447859546,66
1447859547,364
1447859548,66
1447859549,2496
1447859550,3522
1447859551,3522
1447859552,3500
1447859553,3414
1447859554,4224
1447859555,3090
1447859556,3306
1447859557,3176
1447859558,3468
1447859559,1902
1447859560,66
1447859561,66
1447859562,1610
1447859563,3090
1447859564,3522
1447859565,4872
1447859566,4860
1447859567,1070
1447859568,7614
1447859570,5682
1447859571,4806
1447859573,4364
1447859574,2928
1447859575,3198
1447859576,498
1447859577,66
1447859578,66
1447859579,66
1447859580,1236
1447859581,1300
1447859582,4734
1447859583,2904
1447859584,3232
1447859585,2376
**************************payload****************************
1447859530,25043
1447859531,71540
1447859532,87600
1447859533,93440
1447859534,42859
1447859535,73000
1447859536,61320
1447859537,84680
1447859538,59860
1447859539,91980
1447859540,82836
1447859541,78819
1447859542,318455
1447859543,121180
1447859544,1460
1447859545,1460
1447859549,65700
1447859550,93440
1447859551,93440
1447859552,86615
1447859553,75676
1447859554,100050
1447859555,80523
1447859556,87600
1447859557,81760
1447859558,91980
1447859559,45561
1447859562,29545
1447859563,80346
1447859564,93440
1447859565,128703
1447859566,131400
1447859567,24543
1447859568,205860
1447859570,151840
1447859571,129940
1447859573,112728
1447859574,76354
1447859575,84064
1447859576,11680
1447859581,21900
1447859582,96360
1447859583,71540
1447859584,51100
1447859585,64240
