**************************overload****************************
1447859529,66
1447859530,756
1447859531,2636
1447859532,3252
1447859533,1308
1447859534,966
1447859535,2820
1447859536,1502
1447859537,2928
1447859538,2442
1447859539,1308
1447859540,1902
1447859541,2064
1447859542,2204
1447859543,858
1447859544,696
1447859545,336
1447859546,66
1447859547,782
1447859548,66
1447859549,1956
1447859550,1848
1447859551,1200
1447859552,1394
1447859553,2064
1447859554,1362
1447859555,2118
1447859556,2010
1447859557,1556
1447859558,1632
1447859559,768
1447859560,66
1447859561,66
1447859562,1448
1447859563,2604
1447859564,2388
1447859565,2388
1447859566,1146
1447859567,1124
1447859568,1362
1447859569,66
1447859570,3456
1447859571,336
1447859572,746
1447859573,2334
1447859574,606
1447859575,552
1447859576,66
1447859577,66
1447859578,152
1447859579,66
1447859580,2046
1447859581,2322
1447859582,822
1447859583,3554
1447859584,2496
1447859585,2226
1447859586,2082
1447859587,216
**************************payload****************************
1447859530,168
1447859531,720
1447859532,936
1447859533,276
1447859535,552
1447859536,180
1447859537,1068
1447859538,408
1447859539,276
1447859540,408
1447859541,444
1447859542,456
1447859543,36
1447859549,432
1447859550,396
1447859551,252
1447859552,276
1447859553,444
1447859554,288
1447859555,468
1447859556,432
1447859557,312
1447859558,348
1447859559,132
1447859562,372
1447859563,564
1447859564,516
1447859565,516
1447859566,240
1447859567,216
1447859568,288
1447859570,768
1447859571,60
1447859572,132
1447859573,504
1447859574,120
1447859575,108
1447859581,1020
1447859582,132
1447859583,888
1447859584,864
1447859585,964
1447859586,192
1447859587,96
