**************************overload****************************
1447857823,66
1447857824,66
1447857825,66
1447857826,152
1447857827,66
1447857828,66
1447857829,66
1447857830,66
1447857831,152
1447857832,66
1447857833,66
1447857834,66
1447857835,66
1447857836,152
1447857837,66
1447857838,66
1447857839,66
1447857840,66
1447857841,152
1447857842,66
1447857843,66
1447857844,66
1447857845,66
1447857846,152
1447857847,66
1447857848,66
1447857849,66
1447857850,66
1447857851,152
1447857852,66
1447857853,66
1447857854,66
1447857855,66
1447857856,152
1447857857,66
1447857858,246
1447857859,156
1447857860,246
1447857861,620
1447857862,408
1447857863,3756
1447857864,2370
1447857865,3222
1447857866,3356
1447857867,3234
1447857868,3390
1447857869,3222
1447857870,3324
1447857871,8990
1447857872,4590
1447857873,6264
1447857874,3402
1447857876,86
1447857877,786
1447857878,66
1447857879,336
1447857880,156
1447857881,332
1447857882,156
1447857883,246
1447857884,156
1447857885,246
1447857886,242
1447857887,246
1447857888,156
1447857889,246
1447857890,246
1447857891,242
1447857892,246
1447857893,156
1447857894,336
1447857895,66
1447857896,422
1447857897,66
1447857898,336
1447857899,66
1447857900,336
1447857901,152
1447857902,336
1447857903,66
1447857904,336
1447857905,156
1447857906,332
1447857907,156
1447857908,66
1447857909,66
1447857910,66
1447857911,152
1447857912,66
1447857913,66
1447857914,66
1447857915,66
1447857916,152
1447857917,66
1447857918,66
1447857919,66
1447857920,66
1447857921,336
1447857922,152
1447857923,336
1447857924,66
1447857925,426
1447857926,66
1447857927,332
1447857928,66
1447857929,336
1447857930,66
1447857931,336
1447857932,152
1447857933,336
1447857934,66
1447857935,336
1447857936,66
1447857937,422
1447857938,66
1447857939,336
1447857940,66
1447857941,336
1447857942,152
1447857943,336
1447857944,66
1447857945,336
1447857946,66
1447857947,422
1447857948,156
1447857949,246
1447857950,156
1447857951,246
1447857952,242
1447857953,180
1447857954,156
1447857955,246
1447857956,246
1447857957,242
1447857958,246
1447857959,156
1447857960,336
1447857961,66
1447857962,422
1447857963,66
1447857964,336
1447857965,66
1447857966,336
1447857967,152
1447857968,336
1447857969,66
1447857970,336
1447857971,66
1447857972,422
1447857973,156
1447857974,246
1447857975,156
1447857976,246
1447857977,242
1447857978,246
1447857979,156
1447857980,246
1447857981,246
1447857982,242
1447857983,246
1447857984,156
1447857985,336
1447857986,66
1447857987,422
1447857988,66
1447857989,336
1447857990,66
1447857991,336
1447857992,152
1447857993,336
1447857994,66
1447857995,336
1447857996,156
1447857997,332
1447857998,156
1447857999,246
1447858000,156
1447858001,246
1447858002,242
1447858003,246
1447858004,246
1447858005,156
1447858006,246
1447858007,242
1447858008,336
1447858009,66
1447858010,336
1447858011,66
1447858012,422
1447858013,66
1447858014,336
1447858015,66
1447858016,336
1447858017,152
1447858018,336
1447858019,66
1447858020,336
1447858021,156
1447858022,332
1447858023,156
1447858024,156
1447858025,66
1447858026,156
1447858027,152
1447858028,66
1447858029,66
1447858030,66
1447858031,66
1447858032,152
1447858033,66
1447858034,66
1447858035,66
1447858036,66
1447858037,152
1447858038,66
1447858039,66
1447858040,66
1447858041,66
1447858042,152
1447858043,66
1447858044,66
1447858045,66
1447858046,66
1447858047,152
1447858048,66
1447858049,66
1447858050,66
1447858051,66
1447858052,152
1447858053,66
1447858054,66
1447858055,66
1447858056,66
1447858057,152
1447858058,66
1447858059,66
1447858060,66
1447858061,66
1447858062,152
1447858063,66
1447858064,66
1447858065,66
1447858066,66
1447858067,152
1447858068,66
1447858069,66
1447858070,66
1447858071,66
1447858072,152
1447858073,66
1447858074,66
1447858075,66
1447858076,66
1447858077,152
1447858078,66
1447858079,66
1447858080,66
**************************payload****************************
1447857861,126
1447857862,2950
1447857863,81504
1447857864,50175
1447857865,72310
1447857866,81760
1447857867,83220
1447857868,83220
1447857869,84680
1447857870,83220
1447857871,236520
1447857872,124100
1447857873,169360
1447857874,91891
