**************************overload****************************
1447857817,90
1447857818,156
1447857819,246
1447857820,152
1447857821,336
1447857822,66
1447857823,336
1447857824,246
1447857825,242
1447857826,246
1447857827,156
1447857828,336
1447857829,66
1447857830,422
1447857831,246
1447857832,156
1447857833,246
1447857834,156
1447857835,422
1447857836,66
1447857837,336
1447857838,156
1447857839,246
1447857840,332
1447857841,156
1447857842,246
1447857843,156
1447857844,336
1447857845,242
1447857846,246
1447857847,246
1447857848,156
1447857849,246
1447857850,242
1447857851,336
1447857852,156
1447857853,246
1447857854,246
1447857855,242
1447857856,246
1447857857,156
1447857858,336
1447857859,156
1447857860,332
1447857861,246
1447857862,156
1447857863,246
1447857864,156
1447857865,422
1447857866,66
1447857867,336
1447857868,246
1447857869,156
1447857870,332
1447857871,156
1447857872,336
1447857873,66
1447857874,336
1447857875,332
1447857876,156
1447857877,246
1447857878,156
1447857879,246
1447857880,242
1447857881,336
1447857882,156
1447857883,246
1447857884,246
1447857885,242
1447857886,246
1447857887,156
1447857888,336
1447857889,156
1447857890,332
1447857891,246
1447857892,156
1447857893,246
1447857894,156
1447857895,422
1447857896,156
1447857897,246
1447857898,246
1447857899,156
1447857900,332
1447857901,156
1447857902,336
1447857903,66
1447857904,336
1447857905,332
1447857906,156
1447857907,246
1447857908,156
1447857909,336
1447857910,152
1447857911,336
1447857912,246
1447857913,156
1447857914,156
1447857915,242
1447857916,156
1447857917,66
1447857918,66
1447857919,66
1447857920,152
1447857921,66
1447857922,66
1447857923,66
1447857924,66
1447857925,152
1447857926,66
1447857927,66
1447857928,66
1447857929,66
1447857930,152
1447857931,66
1447857932,66
1447857933,66
1447857934,66
1447857935,152
1447857936,66
1447857937,66
1447857938,66
1447857939,66
1447857940,152
1447857941,66
1447857942,66
1447857943,66
1447857944,66
1447857945,152
1447857946,66
1447857947,66
1447857948,66
1447857949,66
1447857950,152
1447857951,66
1447857952,66
1447857953,66
1447857954,66
1447857955,152
1447857956,156
1447857957,66
1447857958,336
1447857959,246
1447857960,566
1447857961,354
1447857962,2010
1447857963,1668
1447857964,1308
1447857965,2048
1447857966,1182
1447857967,1632
1447857968,1758
1447857969,696
1447857970,2852
1447857971,1866
1447857972,1506
1447857973,1776
1447857974,1182
1447857975,206
1447857976,1668
1447857977,1092
1447857978,336
1447857979,66
1447857980,422
1447857981,246
1447857982,156
1447857983,246
1447857984,156
1447857985,422
1447857986,66
1447857987,336
1447857988,156
1447857989,246
1447857990,332
1447857991,156
1447857992,246
1447857993,156
1447857994,336
1447857995,242
1447857996,246
1447857997,246
1447857998,156
1447857999,246
1447858000,242
1447858001,336
1447858002,156
1447858003,246
1447858004,246
1447858005,242
1447858006,246
1447858007,156
1447858008,336
1447858009,66
1447858010,422
1447858011,246
1447858012,156
1447858013,246
1447858014,156
1447858015,422
1447858016,66
1447858017,336
1447858018,246
1447858019,156
1447858020,242
1447858021,156
1447858022,156
1447858023,66
1447858024,66
1447858025,152
1447858026,66
1447858027,66
1447858028,66
1447858029,66
1447858030,152
1447858031,66
1447858032,66
1447858033,66
1447858034,66
1447858035,152
1447858036,66
1447858037,66
1447858038,66
1447858039,66
1447858040,152
1447858041,66
1447858042,66
1447858043,66
1447858044,66
1447858045,152
1447858046,66
1447858047,66
1447858048,66
1447858049,66
1447858050,152
1447858051,66
1447858052,66
1447858053,66
1447858054,66
1447858055,152
1447858056,66
1447858057,66
1447858058,66
1447858059,66
1447858060,152
1447858061,66
1447858062,66
1447858063,66
1447858064,66
1447858065,152
1447858066,66
1447858067,66
1447858068,66
1447858069,66
1447858070,152
1447858071,66
1447858072,336
1447858073,66
1447858074,336
1447858075,152
1447858076,426
1447858077,66
1447858078,246
**************************payload****************************
1447857960,114
1447857961,2065
1447857962,432
1447857963,276
1447857964,276
1447857965,396
1447857966,228
1447857967,288
1447857968,336
1447857969,120
1447857970,720
1447857971,864
1447857972,240
1447857973,360
1447857974,228
1447857975,12
1447857976,300
1447857977,228
