**************************overload****************************
1447860954,66
1447860955,336
1447860956,156
1447860957,246
1447860958,332
1447860959,156
1447860960,246
1447860961,156
1447860962,336
1447860963,242
1447860964,246
1447860965,246
1447860966,156
1447860967,246
1447860968,242
1447860969,336
1447860970,156
1447860971,246
1447860972,246
1447860973,242
1447860974,246
1447860975,156
1447860976,336
1447860977,66
1447860978,422
1447860979,246
1447860980,156
1447860981,246
1447860982,156
1447860983,332
1447860984,156
1447860985,336
1447860986,156
1447860987,246
1447860988,266
1447860989,156
1447860990,246
1447860991,156
1447860992,336
1447860993,242
1447860994,246
1447860995,246
1447860996,156
1447860997,246
1447860998,242
1447860999,336
1447861000,156
1447861001,246
1447861002,246
1447861003,242
1447861004,246
1447861005,156
1447861006,336
1447861007,66
1447861008,422
1447861009,246
1447861010,156
1447861011,246
1447861012,156
1447861013,422
1447861014,66
1447861015,336
1447861016,246
1447861017,156
1447861018,332
1447861019,156
1447861020,336
1447861021,66
1447861022,336
1447861023,332
1447861024,156
1447861025,246
1447861026,156
1447861027,246
1447861028,242
1447861029,336
1447861030,156
1447861031,156
1447861032,66
1447861033,242
1447861034,66
1447861035,66
1447861036,66
1447861037,66
1447861038,152
1447861039,66
1447861040,66
1447861041,66
1447861042,66
1447861043,152
1447861044,66
1447861045,66
1447861046,66
1447861047,66
1447861048,152
1447861049,66
1447861050,66
1447861051,66
1447861052,66
1447861053,152
1447861054,66
1447861055,66
1447861056,66
1447861057,66
1447861058,152
1447861059,66
1447861060,66
1447861061,66
1447861062,66
1447861063,152
1447861064,66
1447861065,66
1447861066,66
1447861067,246
1447861068,152
1447861069,336
1447861070,66
1447861071,552
1447861072,1092
1447861073,2462
1447861074,1362
1447861075,2010
1447861076,2592
1447861077,1542
1447861078,3414
1447861079,2268
1447861080,692
1447861081,1740
1447861082,804
1447861083,1704
1447861084,1452
1447861085,1682
1447861086,1362
1447861087,1470
1447861088,1128
1447861089,1272
1447861090,1538
1447861091,1110
1447861092,156
1447861093,246
1447861094,246
1447861095,242
1447861096,246
1447861097,156
1447861098,336
1447861099,66
1447861100,422
1447861101,66
1447861102,336
1447861103,66
1447861104,336
1447861105,152
1447861106,336
1447861107,66
1447861108,336
1447861109,156
1447861110,332
1447861111,156
1447861112,246
1447861113,156
1447861114,180
1447861115,242
1447861116,312
1447861117,180
1447861118,156
1447861119,246
1447861120,242
1447861121,336
1447861122,66
1447861123,336
1447861124,66
1447861125,422
1447861126,66
1447861127,336
1447861128,66
1447861129,402
1447861130,152
1447861131,336
1447861132,66
1447861133,336
1447861134,156
1447861135,242
1447861136,66
1447861137,156
1447861138,66
1447861140,152
1447861141,66
1447861142,132
1447861143,66
1447861144,66
1447861145,152
1447861147,66
1447861148,66
1447861149,66
1447861150,152
1447861151,66
1447861152,66
1447861153,66
1447861154,66
1447861155,152
1447861156,66
1447861157,66
1447861158,66
1447861159,66
1447861160,152
1447861161,66
1447861162,66
1447861163,66
1447861164,66
1447861165,152
1447861166,66
1447861167,66
1447861168,66
1447861169,66
1447861170,152
1447861171,66
1447861172,66
1447861173,66
1447861174,66
1447861175,152
1447861176,66
1447861177,336
1447861178,246
1447861179,156
1447861180,152
1447861181,426
1447861182,156
1447861183,156
1447861184,156
1447861185,332
1447861186,156
1447861187,246
1447861188,156
1447861189,246
1447861190,242
1447861191,246
1447861192,156
1447861193,246
1447861194,156
1447861195,332
1447861196,66
**************************payload****************************
1447861071,90
1447861072,2269
1447861073,780
1447861074,440
1447861075,636
1447861076,640
1447861077,468
1447861078,744
1447861079,504
1447861080,72
1447861081,444
1447861082,144
1447861083,324
1447861084,288
1447861085,456
1447861086,288
1447861087,252
1447861088,216
1447861089,228
1447861090,288
1447861091,192
