**************************overload****************************
1447857832,66
1447857833,66
1447857834,152
1447857835,66
1447857836,66
1447857837,66
1447857838,66
1447857839,152
1447857840,66
1447857841,66
1447857842,66
1447857843,66
1447857844,66
1447857845,66
1447857846,66
1447857847,66
1447857848,66
1447857849,152
1447857850,66
1447857851,66
1447857852,66
1447857853,66
1447857854,152
1447857855,66
1447857856,66
1447857857,1308
1447857858,3252
1447857859,3306
1447857860,3198
1447857861,3306
1447857862,5432
1447857863,7452
1447857865,3198
1447857866,1056
1447857867,1664
1447857868,7086
1447857869,7236
1447857872,86
1447857874,5394
1447857875,1236
1447857876,1162
1447857877,1232
1447857878,1432
1447857879,5814
1447857881,1944
1447857882,1466
1447857883,5610
1447857885,1038
1447857886,3888
1447857887,1232
1447857888,1872
1447857889,2478
1447857890,4926
1447857892,4980
1447857893,6048
1447857894,572
1447857897,1602
1447857898,2370
1447857899,2930
1447857900,10746
1447857901,16416
1447857902,17388
1447857903,9882
1447857904,248
1447857914,86
1447857917,660
1447857918,90
1447857919,86
1447857920,336
1447857921,66
1447857922,426
1447857923,156
1447857924,516
1447857925,246
1447857926,516
1447857927,426
1447857928,606
1447857929,602
1447857930,606
1447857931,606
1447857932,606
1447857933,606
1447857934,692
1447857935,696
1447857936,606
1447857937,606
1447857938,606
1447857939,782
1447857940,696
1447857941,606
1447857942,606
1447857943,606
1447857944,692
1447857945,606
1447857946,606
1447857947,606
1447857948,696
1447857949,606
1447857950,606
1447857951,606
1447857952,786
1447857953,606
1447857954,692
1447857955,606
1447857956,606
1447857957,606
1447857958,606
1447857959,692
1447857960,696
1447857961,606
1447857962,696
1447857963,606
1447857964,876
1447857965,696
1447857966,696
1447857967,782
1447857968,606
1447857969,696
1447857970,606
1447857971,540
1447857972,782
1447857973,606
1447857974,606
1447857975,606
1447857976,786
1447857977,692
1447857978,672
1447857979,606
1447857980,540
1447857981,606
1447857982,758
1447857983,606
1447857984,606
1447857985,696
1447857986,606
1447857987,692
1447857988,606
1447857989,786
1447857990,606
1447857991,606
1447857992,692
1447857993,606
1447857994,540
1447857995,606
1447857996,696
1447857997,606
1447857998,606
1447857999,606
1447858000,606
1447858001,786
1447858002,692
1447858003,606
1447858004,606
1447858005,606
1447858006,606
1447858007,692
1447858008,696
1447858009,606
1447858010,606
1447858011,606
1447858012,692
1447858013,696
1447858014,606
1447858015,606
1447858016,696
1447858017,692
1447858018,606
1447858019,606
1447858020,606
1447858021,606
1447858022,692
1447858023,606
1447858024,606
1447858025,696
1447858026,606
1447858027,692
1447858028,606
1447858029,786
1447858030,606
1447858031,606
1447858032,692
1447858033,606
1447858034,606
1447858035,606
1447858036,606
1447858037,692
1447858038,696
1447858039,606
1447858040,606
1447858041,606
1447858042,696
1447858043,696
1447858044,606
1447858045,516
1447858046,426
1447858047,512
1447858048,426
1447858049,336
1447858050,336
1447858051,336
1447858052,422
1447858053,336
1447858054,336
1447858055,426
1447858056,336
1447858057,422
1447858058,336
1447858059,336
1447858060,336
1447858061,336
1447858062,422
1447858063,426
1447858064,336
1447858065,336
1447858066,336
1447858067,512
1447858068,336
1447858069,336
1447858070,336
1447858071,336
1447858072,422
1447858073,336
1447858074,336
1447858075,336
1447858076,336
1447858077,90
**************************payload****************************
1447857857,24119
1447857858,76877
1447857859,74626
1447857860,69836
1447857861,86363
1447857862,144540
1447857863,201480
1447857865,2986
1447857867,23806
1447857868,189800
1447857869,195640
1447857874,2248
1447857879,151229
1447857881,51323
1447857882,30660
1447857883,37960
1447857885,18980
1447857886,105120
1447857888,18980
1447857889,26280
1447857890,131400
1447857892,103660
1447857893,163520
1447857894,13140
1447857897,11093
1447857898,1460
1447857899,16060
1447857900,290540
1447857901,443840
1447857902,470120
1447857903,267180
1447857904,4380
1447857917,1460
