**************************overload****************************
1447857830,66
1447857831,66
1447857832,66
1447857833,66
1447857834,66
1447857835,66
1447857836,66
1447857837,152
1447857838,66
1447857839,66
1447857840,66
1447857841,66
1447857842,152
1447857843,66
1447857844,66
1447857845,66
1447857846,66
1447857847,152
1447857849,66
1447857850,66
1447857851,66
1447857852,152
1447857853,66
1447857854,66
1447857855,66
1447857856,66
1447857857,1070
1447857858,2874
1447857859,2118
1447857860,1902
1447857861,2046
1447857862,3410
1447857863,2604
1447857864,156
1447857865,408
1447857866,1596
1447857867,1394
1447857868,2154
1447857869,1722
1447857870,876
1447857871,966
1447857872,782
1447857873,1146
1447857874,1236
1447857875,1146
1447857876,1254
1447857877,1502
1447857878,1236
1447857879,3504
1447857880,1506
1447857881,1146
1447857882,2240
1447857883,1416
1447857884,1416
1447857885,1596
1447857886,2028
1447857887,1484
1447857888,1740
1447857889,2334
1447857890,1902
1447857891,1146
1447857892,3090
1447857893,3360
1447857894,1988
1447857895,1146
1447857896,1326
1447857897,1956
1447857898,1326
1447857899,2384
1447857900,3828
1447857901,4260
1447857902,3504
1447857903,3648
1447857904,1754
1447857905,1416
1447857906,1416
1447857907,1236
1447857908,1596
1447857909,1322
1447857910,1326
1447857911,1236
1447857912,1326
1447857913,1416
1447857914,1232
1447857915,1416
1447857916,1236
1447857917,1416
1447857918,1326
1447857919,1412
1447857920,1236
1447857921,1416
1447857922,1326
1447857923,1236
1447857924,1412
1447857925,1146
1447857926,1146
1447857927,876
1447857928,876
1447857929,872
1447857930,786
1447857931,606
1447857932,696
1447857933,606
1447857934,872
1447857935,606
1447857936,696
1447857937,606
1447857938,786
1447857939,692
1447857940,696
1447857941,696
1447857942,696
1447857943,606
1447857944,782
1447857945,696
1447857946,696
1447857947,696
1447857948,606
1447857949,872
1447857950,606
1447857951,696
1447857952,696
1447857953,630
1447857954,758
1447857955,630
1447857956,1614
1447857957,3036
1447857958,2604
1447857959,3882
1447857960,3402
1447857961,17334
1447857962,23144
1447857963,10368
1447857967,86
1447857974,140
1447857975,210
1447857976,768
1447857977,336
1447857978,3738
1447857979,2604
1447857980,1038
1447857981,66
1447857982,1286
1447857983,2982
1447857984,4212
1447857985,2538
1447857986,2874
1447857987,10400
1447857989,336
1447857990,2226
1447857991,3144
1447857992,3468
1447857993,2516
1447857994,3036
1447857995,3036
1447857996,17670
1447857997,1350
1447858001,152
1447858002,66
1447858003,66
1447858004,66
1447858005,66
1447858006,66
1447858007,66
1447858008,152
1447858009,66
1447858010,66
1447858011,66
1447858012,66
1447858013,152
1447858014,66
1447858015,66
1447858016,66
1447858017,66
1447858018,152
1447858019,66
1447858020,66
1447858021,66
1447858022,66
1447858023,152
1447858024,66
1447858025,66
1447858026,66
1447858027,66
1447858028,152
1447858029,66
1447858030,66
1447858031,66
1447858032,66
1447858033,152
1447858034,66
1447858035,66
1447858036,66
1447858037,66
1447858038,152
1447858039,66
1447858040,66
1447858041,66
1447858042,66
1447858043,152
1447858044,66
1447858045,66
1447858046,66
1447858047,66
1447858048,152
1447858049,66
1447858050,66
1447858051,66
1447858052,66
1447858053,152
1447858054,66
1447858055,66
1447858056,66
1447858057,66
1447858058,152
1447858059,66
1447858060,66
1447858061,66
1447858062,66
1447858063,152
1447858064,66
1447858065,66
1447858066,66
1447858067,66
1447858068,152
1447858069,66
1447858070,66
1447858071,66
1447858072,66
1447858073,152
1447858074,66
1447858075,336
1447858076,270
**************************payload****************************
1447857857,246
1447857858,624
1447857859,456
1447857860,408
1447857861,420
1447857862,732
1447857863,324
1447857865,36
1447857867,156
1447857868,384
1447857869,228
1447857876,24
1447857879,624
1447857882,204
1447857883,180
1447857885,120
1447857886,156
1447857887,96
1447857888,72
1447857889,264
1447857890,108
1447857892,372
1447857893,612
1447857894,108
1447857899,48
1447857900,576
1447857901,492
1447857902,504
1447857903,696
1447857904,48
1447857956,30883
1447857957,73000
1447857958,68620
1447857959,100740
1447857960,90828
1447857961,468660
1447857962,623420
1447857963,280320
1447857974,1460
1447857975,1460
1447857976,18980
1447857977,7300
1447857978,99280
1447857979,68620
1447857980,26280
1447857982,18134
1447857983,75973
1447857984,112519
1447857985,65571
1447857986,69946
1447857987,278223
1447857989,6063
1447857990,48504
1447857991,75798
1447857992,91980
1447857993,65700
1447857994,70431
1447857995,66693
1447857996,470886
1447857997,35894
