**************************overload****************************
1447861191,152
1447861192,66
1447861193,66
1447861194,66
1447861195,66
1447861196,152
1447861197,66
1447861198,66
1447861199,66
1447861200,66
1447861201,152
1447861202,66
1447861203,66
1447861204,66
1447861205,66
1447861206,152
1447861207,66
1447861208,66
1447861209,66
1447861210,66
1447861211,152
1447861212,66
1447861213,66
1447861214,66
1447861215,66
1447861216,152
1447861217,66
1447861218,66
1447861219,66
1447861220,66
1447861221,152
1447861222,66
1447861223,66
1447861224,66
1447861225,66
1447861226,66
1447861227,66
1447861228,66
1447861229,66
1447861230,66
1447861231,152
1447861232,66
1447861233,66
1447861234,66
1447861235,66
1447861236,152
1447861237,66
1447861238,66
1447861239,66
1447861240,66
1447861241,152
1447861242,66
1447861243,66
1447861244,66
1447861245,66
1447861246,152
1447861247,66
1447861248,66
1447861249,66
1447861250,66
1447861251,152
1447861252,66
1447861253,66
1447861254,66
1447861255,66
1447861256,152
1447861257,66
1447861258,66
1447861259,66
1447861260,66
1447861261,152
1447861262,66
1447861263,66
1447861264,66
1447861265,66
1447861266,152
1447861267,66
1447861268,66
1447861269,66
1447861270,66
1447861271,152
1447861272,66
1447861273,66
1447861274,66
1447861275,66
1447861276,152
1447861277,66
1447861278,66
1447861279,66
1447861280,66
1447861281,152
1447861282,66
1447861283,66
1447861285,66
1447861286,66
1447861287,66
1447861288,66
1447861289,66
1447861290,66
1447861291,152
1447861292,66
1447861293,66
1447861294,66
1447861295,132
1447861297,132
1447861298,66
1447861299,66
1447861300,66
1447861301,86
1447861302,66
1447861303,66
1447861304,66
1447861305,66
1447861306,152
1447861307,66
1447861308,66
1447861309,66
1447861310,66
1447861311,66
1447861312,66
1447861313,66
1447861314,66
1447861315,66
1447861316,152
1447861317,66
1447861318,66
1447861319,66
1447861320,66
1447861321,152
1447861322,66
1447861323,66
1447861324,66
1447861325,66
1447861326,66
1447861327,66
1447861328,2386
1447861329,2658
1447861330,1578
1447861331,1718
1447861332,1200
1447861333,3468
1447861334,336
1447861335,66
1447861336,152
1447861337,2226
1447861338,1326
1447861339,6082
1447861340,1146
1447861341,2496
1447861342,1340
1447861343,1200
1447861344,66
1447861345,2334
1447861346,2820
1447861347,620
1447861348,660
1447861349,1938
1447861350,1524
1447861351,2046
1447861352,984
1447861353,1416
1447861354,1794
1447861355,1470
1447861356,1772
1447861357,984
1447861358,66
1447861359,66
1447861360,66
1447861361,1070
1447861362,2226
1447861363,1146
1447861364,1038
1447861365,66
1447861366,66
1447861367,66
1447861368,66
1447861369,66
1447861370,66
1447861371,152
1447861372,66
1447861373,66
1447861374,66
1447861375,66
1447861376,152
1447861377,66
1447861378,66
1447861379,66
1447861380,66
1447861381,152
1447861382,66
1447861383,66
1447861384,66
1447861385,66
1447861386,152
1447861387,66
1447861388,66
1447861389,66
1447861390,66
1447861391,152
1447861392,66
1447861393,66
1447861394,66
1447861395,66
1447861396,152
1447861397,66
1447861398,66
1447861399,66
1447861400,66
1447861401,152
1447861402,66
1447861403,66
1447861404,66
1447861405,66
1447861406,152
1447861407,66
1447861408,66
1447861409,66
1447861410,66
1447861411,152
1447861412,66
1447861413,66
1447861414,66
1447861415,66
1447861416,152
1447861417,66
1447861418,66
1447861419,66
1447861420,66
1447861421,86
1447861422,66
1447861423,66
1447861424,66
1447861425,66
1447861426,152
1447861427,66
1447861428,66
1447861429,66
1447861430,66
1447861431,152
1447861432,66
1447861433,66
1447861434,66
1447861435,66
1447861436,66
1447861437,66
1447861438,66
1447861439,66
1447861440,66
1447861441,152
1447861442,66
1447861443,66
1447861444,66
1447861445,66
1447861446,152
1447861447,66
1447861448,66
1447861449,66
1447861450,66
1447861451,152
1447861452,66
1447861453,66
1447861454,66
1447861455,66
1447861456,152
1447861457,66
1447861458,426
**************************payload****************************
1447861328,492
1447861329,576
1447861330,336
1447861331,348
1447861332,252
1447861333,756
1447861334,60
1447861339,1500
1447861340,180
1447861341,120
1447861342,204
1447861343,252
1447861345,912
1447861346,1036
1447861347,24
1447861348,84
1447861349,396
1447861350,324
1447861351,360
1447861352,204
1447861353,300
1447861354,384
1447861355,312
1447861356,360
1447861357,168
1447861361,288
1447861362,480
1447861363,240
1447861364,216
