**************************overload****************************
1447857864,152
1447857865,66
1447857866,1200
1447857867,2280
1447857868,2766
1447857869,1610
1447857870,1578
1447857871,1632
1447857872,1632
1447857873,1848
1447857874,368
1447857875,66
1447857876,1524
1447857877,282
1447857878,1848
1447857879,1988
1447857880,1416
1447857881,1578
1447857882,1686
1447857883,1740
1447857884,1718
1447857885,1794
1447857886,1740
1447857887,3090
1447857888,1578
1447857889,3132
1447857890,2366
1447857891,1308
1447857892,1956
1447857893,408
1447857894,246
1447857895,152
1447857896,66
1447857897,246
1447857898,66
1447857899,156
1447857900,242
1447857901,948
1447857902,390
1447857903,66
1447857904,228
1447857905,152
1447857906,66
1447857907,66
1447857908,66
1447857909,66
1447857910,152
1447857911,66
1447857912,336
1447857913,336
1447857914,66
1447857915,152
1447857916,426
1447857917,156
1447857918,156
1447857919,156
1447857920,332
1447857921,156
1447857922,246
1447857923,156
1447857924,246
1447857925,332
1447857926,156
1447857927,246
1447857928,156
1447857929,336
1447857930,152
1447857931,336
1447857932,66
1447857933,336
1447857934,66
1447857935,422
1447857936,66
1447857937,336
1447857938,66
1447857939,336
1447857940,242
1447857941,246
1447857942,156
1447857943,246
1447857944,156
1447857945,332
1447857946,156
1447857947,246
1447857948,246
1447857949,156
1447857950,332
1447857951,156
1447857952,336
1447857953,66
1447857954,336
1447857955,152
1447857956,336
1447857957,66
1447857958,336
1447857959,660
1447857960,4238
1447857961,7158
1447857962,1026
1447857963,930
1447857964,1902
1447857965,3140
1447857966,3396
1447857967,3144
1447857968,2982
1447857969,3576
1447857970,3428
1447857971,3438
1447857972,4368
1447857973,2010
1447857974,3090
1447857975,3398
1447857976,3270
1447857977,3270
1447857978,4800
1447857979,1110
1447857980,3230
1447857981,3468
1447857982,5250
1447857983,876
1447857984,3144
1447857985,3068
1447857986,2982
1447857987,3576
1447857988,3792
1447857989,3162
1447857990,5216
1447857991,390
1447857992,66
1447857993,336
1447857994,66
1447857995,512
1447857996,66
1447857997,336
1447857998,66
1447857999,336
1447858000,152
1447858001,336
1447858002,66
1447858003,336
1447858004,66
1447858005,422
1447858006,66
1447858007,336
1447858008,156
1447858009,246
1447858010,242
1447858011,246
1447858012,156
1447858013,246
1447858014,156
1447858015,242
1447858016,66
1447858017,156
1447858018,66
1447858019,66
1447858020,152
1447858021,66
1447858022,66
1447858023,66
1447858024,66
1447858025,152
1447858026,66
1447858027,66
1447858028,66
1447858029,66
1447858030,152
1447858031,66
1447858032,66
1447858033,66
1447858034,66
1447858035,152
1447858036,66
1447858037,66
1447858038,66
1447858040,218
1447858042,66
1447858043,66
1447858044,66
1447858045,152
1447858046,66
1447858047,132
1447858048,66
1447858049,66
1447858050,152
1447858051,66
1447858052,66
1447858053,66
1447858054,66
1447858055,152
1447858056,66
1447858057,66
1447858058,66
1447858059,66
1447858060,152
1447858062,132
1447858064,66
1447858065,152
1447858066,66
1447858067,246
1447858068,156
**************************payload****************************
1447857866,252
1447857867,528
1447857868,864
1447857869,324
1447857870,336
1447857871,348
1447857872,348
1447857873,396
1447857874,48
1447857876,324
1447857877,72
1447857878,420
1447857879,408
1447857880,300
1447857881,336
1447857882,360
1447857883,372
1447857884,348
1447857885,384
1447857886,516
1447857887,888
1447857888,336
1447857889,696
1447857890,492
1447857891,384
1447857892,420
1447857893,36
1447857901,3244
1447857902,3087
1447857904,36
1447857959,6085
1447857960,100043
1447857961,180782
1447857962,26434
1447857963,14823
1447857964,49640
1447857965,68556
1447857966,85126
1447857967,75920
1447857968,78840
1447857969,87494
1447857970,85383
1447857971,89523
1447857972,112603
1447857973,45260
1447857974,80821
1447857975,84680
1447857976,81760
1447857977,72755
1447857978,113190
1447857979,23360
1447857980,83220
1447857981,84680
1447857982,138777
1447857983,12126
1447857984,69613
1447857985,59170
1447857986,75129
1447857987,87600
1447857988,100740
1447857989,78840
1447857990,137164
1447857991,1460
