**************************overload****************************
1447857863,66
1447857864,152
1447857865,66
1447857866,66
1447857867,66
1447857868,66
1447857869,152
1447857870,66
1447857871,66
1447857872,66
1447857873,66
1447857874,152
1447857875,66
1447857876,66
1447857877,66
1447857878,66
1447857879,152
1447857880,66
1447857881,66
1447857882,66
1447857883,66
1447857884,152
1447857885,66
1447857886,66
1447857887,66
1447857888,66
1447857889,152
1447857890,66
1447857891,66
1447857892,66
1447857893,66
1447857894,152
1447857895,66
1447857896,66
1447857897,66
1447857898,66
1447857899,152
1447857900,66
1447857901,66
1447857902,66
1447857903,66
1447857904,152
1447857905,66
1447857906,66
1447857907,66
1447857908,66
1447857909,152
1447857910,66
1447857911,66
1447857912,66
1447857913,66
1447857914,152
1447857915,66
1447857916,66
1447857917,66
1447857918,66
1447857919,152
1447857920,66
1447857921,66
1447857922,66
1447857923,66
1447857924,152
1447857925,66
1447857926,66
1447857927,66
1447857928,66
1447857929,152
1447857930,66
1447857931,66
1447857932,66
1447857933,66
1447857934,152
1447857935,66
1447857936,66
1447857937,66
1447857938,66
1447857939,152
1447857940,66
1447857941,66
1447857942,66
1447857943,66
1447857944,152
1447857945,66
1447857946,66
1447857947,66
1447857948,66
1447857949,152
1447857950,66
1447857951,66
1447857952,66
1447857953,66
1447857954,152
1447857955,66
1447857956,246
1447857957,66
1447857958,336
1447857959,584
1447857960,2658
1447857961,2136
1447857962,552
1447857963,66
1447857964,2150
1447857965,1704
1447857966,1776
1447857967,1686
1447857968,1146
1447857969,1232
1447857970,930
1447857971,1542
1447857972,1614
1447857973,1524
1447857974,3176
1447857975,1422
1447857976,1776
1447857977,2010
1447857978,1788
1447857979,1466
1447857980,2550
1447857981,1794
1447857982,1350
1447857983,768
1447857984,1988
1447857985,1902
1447857986,1308
1447857987,1398
1447857988,1704
1447857989,1736
1447857990,984
1447857991,210
1447857992,246
1447857993,336
1447857994,152
1447857995,336
1447857996,156
1447857997,336
1447857998,66
1447857999,422
1447858000,66
1447858001,336
1447858002,66
1447858003,336
1447858004,152
1447858005,336
1447858006,66
1447858007,336
1447858008,66
1447858009,422
1447858010,156
1447858011,246
1447858012,156
1447858013,246
1447858014,242
1447858015,156
1447858016,66
1447858017,156
1447858018,66
1447858019,152
1447858020,66
1447858021,66
1447858022,66
1447858023,66
1447858024,152
1447858025,66
1447858026,66
1447858027,66
1447858028,66
1447858029,152
1447858030,66
1447858031,66
1447858032,66
1447858033,66
1447858034,152
1447858035,66
1447858036,66
1447858037,66
1447858038,66
1447858039,152
1447858040,66
1447858041,66
1447858042,66
1447858043,66
1447858044,152
1447858045,66
1447858046,66
1447858047,66
1447858048,66
1447858049,152
1447858050,66
1447858051,66
1447858052,66
1447858053,66
1447858054,152
1447858055,66
1447858056,66
1447858057,66
1447858058,66
1447858059,152
1447858060,66
1447858061,66
1447858062,66
1447858063,66
1447858064,152
1447858065,66
1447858066,246
**************************payload****************************
1447857959,2179
1447857960,576
1447857961,420
1447857962,108
1447857964,396
1447857965,324
1447857966,360
1447857967,300
1447857968,240
1447857969,180
1447857970,192
1447857971,288
1447857972,324
1447857973,324
1447857974,1116
1447857975,276
1447857976,360
1447857977,372
1447857978,348
1447857979,264
1447857980,768
1447857981,324
1447857982,300
1447857983,96
1447857984,408
1447857985,348
1447857986,276
1447857987,276
1447857988,324
1447857989,312
1447857990,204
1447857991,24
