**************************overload****************************
1447858351,66
1447858352,66
1447858353,66
1447858354,66
1447858355,66
1447858356,152
1447858357,66
1447858358,66
1447858359,66
1447858360,66
1447858361,152
1447858362,66
1447858363,66
1447858364,66
1447858365,66
1447858366,152
1447858367,66
1447858368,66
1447858369,66
1447858370,66
1447858371,152
1447858372,66
1447858373,66
1447858374,66
1447858375,66
1447858376,2312
1447858377,3306
1447858378,4872
1447858379,6048
1447858380,11286
1447858381,4136
1447858385,1728
1447858386,3120
1447858387,11332
1447858388,9768
1447858389,5412
1447858390,7032
1447858391,12590
1447858392,10200
1447858393,6924
1447858394,7068
1447858395,7716
1447858396,6560
1447858397,66
1447858398,246
1447858399,156
1447858400,66
1447858401,242
1447858402,156
1447858403,156
1447858404,66
1447858405,246
1447858406,242
1447858407,66
1447858408,156
1447858409,156
1447858410,156
1447858411,152
1447858412,246
1447858413,66
1447858414,156
1447858415,156
1447858416,242
1447858417,156
1447858418,66
1447858419,156
1447858420,156
1447858421,242
1447858422,66
1447858423,246
1447858424,156
1447858425,66
1447858426,66
1447858427,66
1447858428,66
1447858429,66
1447858430,66
1447858431,152
1447858432,66
1447858433,66
1447858434,66
1447858435,66
1447858436,152
1447858437,66
1447858438,66
1447858439,66
1447858440,66
1447858441,152
1447858442,66
1447858443,66
1447858444,66
1447858445,66
1447858446,152
1447858447,66
1447858448,66
1447858449,66
1447858450,66
1447858451,152
1447858452,66
1447858453,66
1447858454,66
1447858455,66
1447858456,152
1447858457,66
1447858458,66
1447858459,66
1447858460,66
1447858461,152
1447858462,66
1447858463,66
1447858464,66
1447858465,66
1447858466,152
1447858467,66
1447858468,66
1447858469,66
1447858470,66
1447858471,152
1447858472,66
1447858473,66
1447858474,66
1447858475,66
1447858476,152
1447858477,66
1447858478,66
1447858479,66
1447858480,66
1447858481,152
1447858483,132
1447858485,66
1447858486,152
1447858487,66
1447858488,66
1447858489,66
1447858490,66
1447858491,152
1447858492,66
1447858493,66
1447858494,66
1447858495,66
1447858496,152
1447858497,66
1447858498,66
1447858499,66
1447858500,66
1447858501,152
1447858502,66
1447858503,66
1447858504,66
1447858505,66
1447858506,152
1447858507,66
1447858508,66
1447858509,66
1447858510,66
1447858511,152
1447858512,66
1447858513,66
1447858514,66
1447858515,66
1447858516,152
1447858517,66
1447858518,66
1447858519,66
1447858520,66
1447858521,152
1447858522,66
1447858523,66
1447858524,66
1447858525,66
1447858526,152
1447858527,66
1447858528,66
1447858529,66
1447858530,66
1447858531,152
1447858532,66
1447858533,66
1447858534,66
1447858535,66
1447858536,152
1447858537,66
1447858538,66
1447858539,66
1447858540,66
1447858541,66
1447858542,66
1447858543,66
1447858544,66
1447858545,66
1447858546,152
1447858547,66
1447858548,66
1447858549,66
1447858550,66
1447858551,152
1447858552,66
1447858553,66
1447858554,66
1447858555,66
1447858556,152
1447858557,66
1447858558,66
1447858559,66
1447858560,66
1447858561,152
1447858562,66
1447858563,66
1447858564,66
1447858565,66
1447858566,152
1447858568,132
1447858570,66
1447858571,152
1447858572,66
1447858573,66
1447858574,66
1447858575,66
1447858576,152
1447858577,66
1447858578,66
1447858579,66
1447858580,66
1447858581,152
1447858582,66
1447858583,66
1447858584,66
1447858585,66
1447858586,152
1447858587,66
1447858588,66
1447858589,66
1447858590,66
1447858591,152
1447858592,66
1447858593,66
1447858594,66
1447858595,66
1447858596,152
1447858597,66
1447858598,66
1447858599,66
1447858600,66
1447858601,152
1447858602,246
**************************payload****************************
1447858376,49572
1447858377,73178
1447858378,122518
1447858379,163520
1447858380,305140
1447858381,109500
1447858385,2920
1447858386,55480
1447858387,299300
1447858388,259880
1447858389,143092
1447858390,188340
1447858391,331420
1447858392,270480
1447858393,183604
1447858394,186880
1447858395,204400
1447858396,170402
