**************************overload****************************
1447858350,152
1447858351,66
1447858352,66
1447858353,66
1447858354,66
1447858355,66
1447858356,66
1447858357,66
1447858358,66
1447858359,66
1447858360,152
1447858361,66
1447858362,66
1447858363,66
1447858364,66
1447858365,66
1447858366,66
1447858367,66
1447858368,66
1447858369,66
1447858370,152
1447858371,66
1447858372,66
1447858373,66
1447858374,66
1447858375,66
1447858376,1556
1447858377,2334
1447858378,2172
1447858379,2928
1447858380,2658
1447858381,2564
1447858382,66
1447858383,1236
1447858384,66
1447858385,606
1447858386,1556
1447858387,2298
1447858388,1992
1447858389,1524
1447858390,1848
1447858391,3734
1447858392,3288
1447858393,1254
1447858394,2154
1447858395,2316
1447858396,2294
1447858397,66
1447858398,246
1447858399,156
1447858400,66
1447858401,242
1447858402,156
1447858403,156
1447858404,66
1447858405,246
1447858406,152
1447858407,156
1447858408,156
1447858409,156
1447858410,156
1447858411,152
1447858412,246
1447858413,66
1447858414,156
1447858415,66
1447858416,332
1447858417,156
1447858418,66
1447858419,156
1447858420,156
1447858421,242
1447858422,66
1447858423,246
1447858424,156
1447858425,66
1447858426,156
1447858427,156
1447858428,156
1447858429,66
1447858430,246
1447858431,242
1447858432,66
1447858433,156
1447858434,156
1447858435,156
1447858436,66
1447858437,246
1447858438,156
1447858439,66
1447858440,156
1447858441,242
1447858442,156
1447858443,66
1447858444,246
1447858445,156
1447858446,66
1447858447,156
1447858448,156
1447858449,156
1447858450,66
1447858451,332
1447858452,156
1447858453,66
1447858454,156
1447858455,156
1447858456,156
1447858457,66
1447858458,246
1447858459,156
1447858460,66
1447858461,242
1447858462,156
1447858463,156
1447858464,66
1447858465,246
1447858466,66
1447858467,156
1447858468,66
1447858469,246
1447858470,156
1447858471,152
1447858472,156
1447858473,156
1447858474,156
1447858475,66
1447858476,2370
1447858477,2712
1447858478,3090
1447858479,3144
1447858480,2960
1447858481,2982
1447858482,8748
1447858484,606
1447858485,17096
1447858486,108
1447858488,54
1447858489,66
1447858490,242
1447858491,66
1447858492,516
1447858493,426
1447858494,66
1447858495,152
1447858496,426
1447858497,66
1447858498,66
1447858499,66
1447858500,152
1447858501,66
1447858502,66
1447858503,66
1447858504,66
1447858505,152
1447858506,2064
1447858507,4914
1447858508,3252
1447858509,3252
1447858510,2582
1447858511,2982
1447858512,2982
1447858513,8868
1447858515,800
1447858516,2874
1447858517,3360
1447858518,5562
1447858519,606
1447858520,2474
1447858521,2982
1447858522,2766
1447858523,2874
1447858524,2820
1447858525,530
1447858526,4806
1447858527,14526
1447858528,3942
1447858532,152
1447858533,66
1447858534,66
1447858535,66
1447858536,66
1447858537,66
1447858538,66
1447858539,66
1447858540,152
1447858541,66
1447858542,66
1447858543,66
1447858544,66
1447858545,152
1447858546,66
1447858547,66
1447858548,66
1447858549,66
1447858550,152
1447858551,66
1447858552,66
1447858553,66
1447858554,66
1447858555,152
1447858556,66
1447858557,66
1447858558,66
1447858559,66
1447858560,152
1447858561,66
1447858562,66
1447858563,66
1447858564,66
1447858565,152
1447858566,66
1447858567,66
1447858568,66
1447858569,66
1447858570,152
1447858571,66
1447858572,66
1447858573,66
1447858574,66
1447858575,152
1447858576,66
1447858577,66
1447858578,66
1447858579,66
1447858580,66
1447858581,66
1447858582,66
1447858583,66
1447858584,66
1447858585,152
1447858586,66
1447858587,66
1447858588,66
1447858589,66
1447858590,152
1447858591,66
1447858592,66
1447858593,66
1447858594,66
1447858595,66
1447858596,66
1447858597,66
1447858598,66
1447858599,66
1447858600,152
1447858601,606
**************************payload****************************
1447858376,354
1447858377,504
1447858378,480
1447858379,516
1447858380,684
1447858381,336
1447858386,368
1447858387,456
1447858388,408
1447858389,420
1447858390,396
1447858391,756
1447858392,696
1447858393,264
1447858394,540
1447858395,480
1447858396,456
1447858476,52438
1447858477,68491
1447858478,66916
1447858479,69613
1447858480,63431
1447858481,71236
1447858482,228491
1447858484,12126
1447858485,455306
1447858486,2920
1447858488,1460
1447858506,54020
1447858507,132860
1447858508,85170
1447858509,84117
1447858510,59784
1447858511,66352
1447858512,65233
1447858513,228504
1447858515,15046
1447858516,63550
1447858517,83086
1447858518,148537
1447858519,12126
1447858520,52884
1447858521,65233
1447858522,60630
1447858523,63550
1447858524,62090
1447858525,3115
1447858526,121099
1447858527,391350
1447858528,106241
