**************************overload****************************
1447857826,66
1447857827,66
1447857828,152
1447857829,66
1447857830,66
1447857831,66
1447857832,66
1447857833,152
1447857834,66
1447857835,66
1447857836,66
1447857837,66
1447857838,152
1447857839,66
1447857840,66
1447857841,132
1447857843,152
1447857844,66
1447857845,66
1447857846,66
1447857847,66
1447857848,152
1447857849,66
1447857850,66
1447857851,66
1447857852,66
1447857853,152
1447857854,66
1447857855,66
1447857856,66
1447857857,66
1447857858,314
1447857859,3036
1447857860,2010
1447857861,3072
1447857862,732
1447857863,962
1447857864,120
1447857865,516
1447857866,1938
1447857867,66
1447857868,66
1447857869,156
1447857870,66
1447857871,672
1447857872,1470
1447857873,1868
1447857874,1416
1447857875,1452
1447857876,1416
1447857877,1380
1447857878,1124
1447857879,978
1447857880,1350
1447857881,1338
1447857882,1992
1447857883,2172
1447857884,1872
1447857885,242
1447857886,156
1447857887,66
1447857888,246
1447857889,66
1447857890,156
1447857891,66
1447857892,246
1447857893,156
1447857894,66
1447857895,242
1447857896,156
1447857897,156
1447857898,66
1447857899,246
1447857900,152
1447857901,156
1447857902,66
1447857903,246
1447857904,156
1447857905,152
1447857906,156
1447857907,156
1447857908,156
1447857909,66
1447857910,332
1447857911,66
1447857912,156
1447857913,66
1447857914,246
1447857915,242
1447857916,66
1447857917,66
1447857918,246
1447857919,156
1447857920,66
1447857921,156
1447857922,156
1447857923,156
1447857924,66
1447857925,332
1447857926,66
1447857927,156
1447857928,66
1447857929,246
1447857930,242
1447857931,66
1447857932,156
1447857933,156
1447857934,156
1447857935,66
1447857936,246
1447857937,66
1447857938,156
1447857939,66
1447857940,332
1447857941,156
1447857942,66
1447857943,156
1447857944,156
1447857945,242
1447857946,66
1447857947,246
1447857948,66
1447857949,156
1447857950,152
1447857951,246
1447857952,156
1447857953,66
1447857954,156
1447857955,242
1447857956,156
1447857957,66
1447857958,246
1447857959,66
1447857960,242
1447857961,66
1447857962,2280
1447857963,3900
1447857964,6048
1447857965,692
1447857966,4104
1447857967,6318
1447857968,54
1447857969,984
1447857970,1934
1447857971,9558
1447857973,696
1447857974,1362
1447857975,9860
1447857977,540
1447857978,1452
1447857979,1956
1447857980,3230
1447857981,3198
1447857982,4278
1447857983,9720
1447857985,86
1447857986,66
1447857987,66
1447857988,66
1447857989,66
1447857990,152
1447857991,66
1447857992,66
1447857993,66
1447857994,66
1447857995,152
1447857996,66
1447857997,66
1447857998,66
1447857999,66
1447858000,152
1447858001,66
1447858002,66
1447858003,66
1447858004,66
1447858005,152
1447858006,66
1447858007,66
1447858008,66
1447858009,66
1447858010,152
1447858011,66
1447858012,66
1447858013,66
1447858014,66
1447858015,152
1447858016,66
1447858017,66
1447858018,66
1447858019,66
1447858020,152
1447858021,66
1447858022,66
1447858023,66
1447858024,66
1447858025,152
1447858026,66
1447858027,66
1447858028,66
1447858029,66
1447858030,152
1447858031,66
1447858032,66
1447858033,66
1447858034,66
1447858035,152
1447858036,66
1447858037,66
1447858038,66
1447858039,66
1447858040,152
1447858041,66
1447858042,66
1447858043,66
1447858044,66
1447858045,152
1447858046,66
1447858047,66
1447858048,66
1447858049,66
1447858050,152
1447858051,66
1447858052,66
1447858053,66
1447858054,66
1447858055,152
1447858056,66
1447858057,66
1447858058,66
1447858059,66
1447858060,152
1447858061,66
1447858062,66
1447858063,66
1447858064,66
1447858065,152
1447858066,66
1447858067,66
1447858068,66
1447858069,66
1447858070,152
1447858071,66
1447858072,66
1447858073,66
1447858074,66
1447858075,152
1447858076,66
1447858077,246
1447858078,606
1447858079,786
1447858080,66
1447858081,336
1447858082,786
1447858083,516
1447858084,156
1447858085,336
1447858086,606
1447858087,696
1447858088,246
1447858089,516
1447858090,426
1447858091,360
**************************payload****************************
1447857858,78
1447857859,660
1447857860,432
1447857861,528
1447857862,108
1447857864,12
1447857866,336
1447857872,432
1447857873,276
1447857874,300
1447857875,228
1447857876,300
1447857877,252
1447857878,216
1447857879,168
1447857880,300
1447857881,228
1447857882,408
1447857883,600
1447857884,396
1447857962,51201
1447857963,98559
1447857964,160410
1447857965,13363
1447857966,109963
1447857967,169881
1447857968,1460
1447857969,24155
1447857970,48180
1447857971,257478
1447857973,13363
1447857974,35040
1447857975,263107
1447857977,13363
1447857978,35040
1447857979,49710
1447857980,78512
1447857981,82053
1447857982,101391
1447857983,261647
