**************************overload****************************
1447857822,66
1447857823,152
1447857824,66
1447857825,66
1447857826,66
1447857827,66
1447857828,152
1447857829,66
1447857830,66
1447857831,66
1447857832,66
1447857833,152
1447857834,66
1447857835,66
1447857836,66
1447857837,66
1447857838,152
1447857839,66
1447857840,66
1447857841,66
1447857842,66
1447857843,152
1447857844,66
1447857845,66
1447857846,66
1447857847,66
1447857848,152
1447857849,66
1447857850,66
1447857851,66
1447857852,66
1447857853,152
1447857854,66
1447857855,66
1447857856,66
1447857857,66
1447857858,152
1447857859,66
1447857860,66
1447857861,66
1447857862,66
1447857863,152
1447857864,66
1447857865,66
1447857866,66
1447857867,66
1447857868,152
1447857869,66
1447857870,66
1447857871,66
1447857872,66
1447857873,152
1447857874,66
1447857875,66
1447857876,66
1447857877,66
1447857878,152
1447857879,66
1447857880,66
1447857881,66
1447857882,66
1447857883,152
1447857884,66
1447857885,66
1447857886,66
1447857887,66
1447857888,152
1447857889,66
1447857890,66
1447857891,66
1447857892,66
1447857893,152
1447857894,66
1447857895,66
1447857896,66
1447857897,66
1447857898,152
1447857899,66
1447857900,66
1447857901,66
1447857902,66
1447857903,152
1447857904,66
1447857905,66
1447857906,66
1447857907,66
1447857908,152
1447857909,66
1447857910,66
1447857911,66
1447857912,66
1447857913,152
1447857914,66
1447857915,66
1447857916,66
1447857917,66
1447857918,152
1447857919,66
1447857920,66
1447857921,66
1447857922,66
1447857923,152
1447857924,66
1447857925,66
1447857926,66
1447857927,66
1447857928,152
1447857929,66
1447857930,66
1447857931,66
1447857932,66
1447857933,152
1447857934,66
1447857935,66
1447857936,66
1447857937,66
1447857938,152
1447857939,66
1447857940,66
1447857941,66
1447857942,66
1447857943,152
1447857944,66
1447857946,132
1447857947,66
1447857948,152
1447857949,66
1447857950,66
1447857951,66
1447857953,218
1447857954,66
1447857956,66
1447857957,66
1447857958,152
1447857959,66
1447857960,172
1447857961,66
1447857962,1524
1447857963,2820
1447857964,1470
1447857965,152
1447857966,2388
1447857967,1794
1447857968,66
1447857969,768
1447857970,1124
1447857971,1902
1447857972,282
1447857973,876
1447857974,966
1447857975,2888
1447857976,282
1447857977,786
1447857978,1648
1447857979,1308
1447857980,1016
1447857981,1902
1447857982,1686
1447857983,1578
1447857984,120
1447857985,152
1447857986,66
1447857987,66
1447857988,66
1447857989,66
1447857990,152
1447857991,66
1447857992,66
1447857993,66
1447857994,66
1447857995,152
1447857996,66
1447857997,66
1447857998,66
1447857999,66
1447858000,152
1447858001,66
1447858002,66
1447858003,66
1447858004,66
1447858005,152
1447858006,66
1447858007,66
1447858008,66
1447858009,66
1447858010,152
1447858011,66
1447858012,66
1447858013,66
1447858014,66
1447858015,152
1447858016,66
1447858017,66
1447858018,66
1447858019,66
1447858020,152
1447858021,66
1447858022,66
1447858023,66
1447858024,66
1447858025,152
1447858026,66
1447858027,66
1447858028,66
1447858029,66
1447858030,152
1447858031,66
1447858032,66
1447858033,66
1447858034,66
1447858035,152
1447858036,66
1447858037,66
1447858038,66
1447858039,66
1447858040,152
1447858041,66
1447858042,66
1447858043,66
1447858044,66
1447858045,152
1447858046,66
1447858047,66
1447858048,66
1447858049,66
1447858050,152
1447858051,66
1447858052,66
1447858053,66
1447858054,66
1447858055,152
1447858056,66
1447858057,66
1447858058,66
1447858059,66
1447858060,152
1447858061,66
1447858062,66
1447858063,66
1447858064,66
1447858065,66
1447858066,66
1447858067,66
1447858068,66
1447858069,66
1447858070,152
1447858071,66
1447858072,66
1447858073,66
1447858074,66
1447858075,152
1447858076,66
1447858077,66
1447858078,66
1447858079,66
1447858080,602
1447858081,156
1447858082,606
1447858083,66
1447858084,696
1447858085,156
1447858086,426
1447858087,66
1447858088,606
**************************payload****************************
1447857962,324
1447857963,612
1447857964,312
1447857966,768
1447857967,408
1447857969,180
1447857970,216
1447857971,408
1447857972,48
1447857974,192
1447857975,408
1447857976,48
1447857978,300
1447857979,276
1447857980,192
1447857981,408
1447857982,360
1447857983,336
1447857984,12
