**************************overload****************************
1447859119,66
1447859120,152
1447859121,66
1447859122,66
1447859123,66
1447859124,66
1447859125,152
1447859126,66
1447859127,66
1447859128,66
1447859129,66
1447859130,66
1447859131,152
1447859132,66
1447859133,66
1447859134,66
1447859135,66
1447859136,152
1447859137,66
1447859139,66
1447859140,66
1447859141,152
1447859142,66
1447859143,66
1447859144,66
1447859145,66
1447859146,152
1447859147,66
1447859148,66
1447859149,66
1447859150,66
1447859151,152
1447859152,66
1447859153,66
1447859154,66
1447859155,66
1447859156,1988
1447859157,2820
1447859158,1740
1447859159,2712
1447859160,1902
1447859161,3716
1447859162,2496
1447859163,1398
1447859164,336
1447859165,246
1447859166,242
1447859167,606
1447859168,156
1447859169,246
1447859170,66
1447859171,422
1447859172,66
1447859173,246
1447859174,1092
1447859175,1110
1447859176,1538
1447859177,984
1447859178,1290
1447859179,1506
1447859180,1452
1447859181,584
1447859182,1668
1447859183,2208
1447859184,2586
1447859185,3090
1447859186,3378
1447859187,2006
1447859188,516
1447859189,426
1447859190,246
1447859191,876
1447859192,246
1447859193,156
1447859194,156
1447859195,246
1447859196,156
1447859197,332
1447859198,156
1447859199,156
1447859200,156
1447859201,246
1447859202,242
1447859203,66
1447859204,156
1447859205,156
1447859206,156
1447859207,152
1447859208,246
1447859209,66
1447859210,246
1447859211,156
1447859212,332
1447859213,156
1447859214,156
1447859215,156
1447859216,156
1447859217,242
1447859218,66
1447859219,246
1447859220,66
1447859221,156
1447859222,86
1447859223,312
1447859224,156
1447859225,66
1447859226,156
1447859227,242
1447859228,156
1447859230,312
1447859232,242
1447859233,66
1447859234,246
1447859235,156
1447859236,66
1447859237,152
1447859238,312
1447859239,156
1447859240,66
1447859241,156
1447859242,176
1447859243,222
1447859244,66
1447859245,180
1447859246,156
1447859247,152
1447859248,66
1447859249,246
1447859250,156
1447859251,66
1447859252,242
1447859253,156
1447859254,156
1447859255,66
1447859256,1848
1447859257,3090
1447859258,3198
1447859259,3198
1447859260,3176
1447859261,2172
1447859262,3198
1447859263,3252
1447859264,2766
1447859265,3014
1447859266,1524
1447859267,66
1447859268,66
1447859269,66
1447859270,152
1447859271,66
1447859272,66
1447859273,66
1447859274,66
1447859275,152
1447859276,2550
1447859277,3144
1447859278,3198
1447859279,5034
1447859280,1470
1447859281,3068
1447859282,3090
1447859283,3090
1447859284,3198
1447859285,3846
1447859286,2420
1447859287,2874
1447859288,4050
1447859289,1524
1447859290,3252
1447859291,3630
1447859292,3230
1447859293,4926
1447859294,3090
1447859295,2160
1447859296,11406
1447859297,270
1447859299,2204
1447859300,17442
1447859301,3564
1447859305,152
1447859307,66
1447859308,66
1447859309,66
1447859310,66
1447859311,66
1447859312,66
1447859313,66
1447859314,152
1447859315,66
1447859316,66
1447859317,66
1447859318,66
1447859319,152
1447859320,66
1447859321,66
1447859322,66
1447859323,66
1447859324,152
1447859325,66
1447859326,66
1447859327,66
1447859328,66
1447859329,152
1447859330,66
1447859331,66
1447859332,66
1447859333,66
1447859334,152
1447859335,66
1447859336,66
1447859337,66
1447859338,66
1447859339,152
1447859340,66
1447859341,66
1447859342,66
1447859343,66
1447859344,152
1447859345,66
1447859346,66
1447859347,66
1447859348,66
1447859349,152
1447859350,66
1447859351,66
1447859352,66
1447859353,66
1447859354,152
1447859355,66
1447859356,66
1447859357,66
1447859358,66
1447859359,152
1447859360,66
1447859361,66
1447859362,66
1447859363,66
1447859364,152
1447859365,66
1447859366,66
1447859367,66
1447859368,66
1447859369,602
1447859370,90
**************************payload****************************
1447859156,450
1447859157,612
1447859158,372
1447859159,480
1447859160,432
1447859161,612
1447859162,540
1447859163,36
1447859174,240
1447859175,192
1447859176,288
1447859177,204
1447859178,252
1447859179,300
1447859180,288
1447859181,96
1447859182,336
1447859183,456
1447859184,540
1447859185,672
1447859186,1380
1447859187,504
1447859256,40758
1447859257,68153
1447859258,69836
1447859259,69836
1447859260,68034
1447859261,43979
1447859262,72732
1447859263,71296
1447859264,60630
1447859265,65010
1447859266,35590
1447859276,48449
1447859277,72931
1447859278,71073
1447859279,118149
1447859280,36723
1447859281,77450
1447859282,73341
1447859283,71864
1447859284,81420
1447859285,100691
1447859286,61320
1447859287,64663
1447859288,102078
1447859289,39420
1447859290,86140
1447859291,96360
1447859292,83220
1447859293,130426
1447859294,81760
1447859295,56556
1447859296,303944
1447859297,6118
1447859299,54243
1447859300,471580
1447859301,95713
