**************************overload****************************
1447859111,66
1447859112,66
1447859113,66
1447859114,66
1447859115,152
1447859116,66
1447859117,66
1447859118,66
1447859119,66
1447859120,152
1447859121,66
1447859122,66
1447859123,66
1447859124,66
1447859125,152
1447859126,66
1447859127,66
1447859128,66
1447859129,66
1447859130,152
1447859131,66
1447859132,66
1447859133,66
1447859134,66
1447859135,152
1447859136,66
1447859137,66
1447859138,66
1447859139,66
1447859140,152
1447859141,66
1447859142,66
1447859143,66
1447859144,66
1447859145,152
1447859146,66
1447859147,66
1447859148,66
1447859149,66
1447859150,152
1447859151,2010
1447859152,2712
1447859153,1146
1447859154,1092
1447859155,1988
1447859156,2082
1447859157,1908
1447859158,300
1447859159,1506
1447859160,606
1447859161,692
1447859162,1596
1447859163,966
1447859164,1866
1447859165,966
1447859166,2222
1447859167,3666
1447859168,1848
1447859169,1146
1447859170,1146
1447859171,1412
1447859172,1146
1447859173,1146
1447859174,1326
1447859175,1146
1447859176,1322
1447859177,1326
1447859178,1146
1447859179,1992
1447859180,1704
1447859181,1862
1447859182,3522
1447859183,3396
1447859184,3594
1447859185,3288
1447859186,1592
1447859187,1506
1447859188,1416
1447859189,1506
1447859190,1506
1447859191,1322
1447859192,1506
1447859193,1146
1447859194,1326
1447859195,1416
1447859196,1322
1447859197,1236
1447859198,1326
1447859199,1236
1447859200,1236
1447859201,1322
1447859202,1236
1447859203,1236
1447859204,1146
1447859205,1326
1447859206,1322
1447859207,1146
1447859208,1326
1447859209,1236
1447859210,1326
1447859211,1232
1447859212,1236
1447859213,1326
1447859214,1146
1447859215,1236
1447859216,1412
1447859217,1146
1447859218,1236
1447859219,1146
1447859220,876
1447859221,962
1447859222,876
1447859223,696
1447859224,606
1447859225,696
1447859226,692
1447859227,606
1447859228,696
1447859229,696
1447859230,606
1447859231,782
1447859232,606
1447859233,606
1447859234,696
1447859235,696
1447859236,692
1447859237,696
1447859238,606
1447859239,606
1447859240,696
1447859241,782
1447859242,606
1447859243,696
1447859244,606
1447859245,696
1447859246,692
1447859247,696
1447859248,696
1447859249,606
1447859250,606
1447859251,746
1447859252,2496
1447859253,2478
1447859254,3090
1447859255,3144
1447859256,3198
1447859257,3306
1447859258,3036
1447859259,24840
1447859260,15012
1447859261,108
1447859263,54
1447859267,54
1447859269,476
1447859270,930
1447859271,606
1447859272,270
1447859273,1524
1447859274,2064
1447859275,3090
1447859276,3306
1447859277,3338
1447859278,3306
1447859279,3198
1447859280,3360
1447859281,3252
1447859282,2496
1447859283,3500
1447859284,1416
1447859285,66
1447859286,66
1447859287,66
1447859288,152
1447859289,66
1447859290,66
1447859291,66
1447859292,66
1447859293,152
1447859294,66
1447859295,66
1447859296,66
1447859297,66
1447859298,152
1447859299,66
1447859300,66
1447859301,66
1447859302,66
1447859303,152
1447859304,66
1447859305,66
1447859306,66
1447859307,66
1447859308,152
1447859309,66
1447859310,66
1447859311,66
1447859312,66
1447859313,152
1447859314,66
1447859315,66
1447859316,66
1447859317,66
1447859318,152
1447859319,66
1447859320,66
1447859321,66
1447859322,66
1447859323,152
1447859324,66
1447859325,66
1447859326,66
1447859327,66
1447859328,152
1447859329,66
1447859330,66
1447859331,66
1447859332,66
1447859333,152
1447859334,66
1447859335,66
1447859336,66
1447859337,66
1447859338,152
1447859339,66
1447859340,66
1447859341,66
1447859342,66
1447859343,152
1447859344,66
1447859345,66
1447859346,66
1447859347,66
1447859348,152
1447859349,66
1447859350,66
1447859351,66
1447859352,66
1447859353,152
1447859354,66
1447859355,66
1447859356,66
1447859357,66
1447859358,152
1447859359,66
1447859360,66
1447859361,66
1447859362,66
1447859363,152
1447859364,66
1447859365,66
1447859366,66
1447859367,66
1447859368,152
1447859369,426
**************************payload****************************
1447859151,474
1447859152,588
1447859153,240
1447859154,228
1447859155,168
1447859156,228
1447859157,384
1447859158,12
1447859166,72
1447859167,540
1447859168,156
1447859179,180
1447859180,84
1447859181,120
1447859182,528
1447859183,480
1447859184,504
1447859185,456
1447859251,1460
1447859252,57163
1447859253,62780
1447859254,81760
1447859255,83220
1447859256,84680
1447859257,82613
1447859258,66693
1447859259,670363
1447859260,404141
1447859261,2920
1447859263,1460
1447859267,1460
1447859269,8760
1447859270,23360
1447859271,14600
1447859272,7300
1447859273,39420
1447859274,54020
1447859275,81760
1447859276,87600
1447859277,71503
1447859278,83889
1447859279,84680
1447859280,89060
1447859281,85592
1447859282,65700
1447859283,90520
1447859284,35923
