**************************overload****************************
1447859114,66
1447859115,66
1447859116,152
1447859117,66
1447859118,66
1447859119,66
1447859120,66
1447859121,66
1447859122,66
1447859123,66
1447859124,66
1447859125,66
1447859126,152
1447859127,66
1447859128,66
1447859129,66
1447859130,66
1447859131,152
1447859132,66
1447859133,66
1447859134,66
1447859135,66
1447859136,152
1447859137,66
1447859138,66
1447859139,66
1447859140,66
1447859141,152
1447859142,66
1447859143,66
1447859144,66
1447859145,66
1447859146,152
1447859147,66
1447859148,66
1447859149,66
1447859150,66
1447859151,2388
1447859152,3468
1447859153,3468
1447859154,3360
1447859155,3096
1447859156,2132
1447859157,11244
1447859161,86
1447859162,1944
1447859163,2520
1447859164,156
1447859165,1056
1447859166,1376
1447859167,10962
1447859168,2592
1447859173,8676
1447859174,1260
1447859175,1170
1447859176,1260
1447859177,990
1447859178,1170
1447859179,1724
1447859180,270
1447859181,1990
1447859182,11826
1447859183,12420
1447859184,14580
1447859185,13824
1447859186,194
1447859187,54
1447859190,54
1447859195,54
1447859196,86
1447859202,896
1447859203,5016
1447859205,156
1447859206,156
1447859207,66
1447859208,66
1447859209,156
1447859210,66
1447859211,66
1447859212,152
1447859213,66
1447859214,156
1447859215,66
1447859216,156
1447859217,152
1447859218,156
1447859219,66
1447859220,66
1447859221,66
1447859222,152
1447859223,66
1447859224,156
1447859225,156
1447859226,66
1447859227,152
1447859228,156
1447859229,66
1447859230,66
1447859231,66
1447859232,152
1447859233,156
1447859234,66
1447859235,156
1447859236,66
1447859237,242
1447859238,66
1447859239,66
1447859240,66
1447859241,66
1447859242,152
1447859243,156
1447859244,66
1447859245,156
1447859246,66
1447859247,242
1447859248,66
1447859249,66
1447859250,66
1447859251,66
1447859252,152
1447859253,156
1447859254,156
1447859255,66
1447859256,66
1447859257,242
1447859258,66
1447859259,66
1447859261,132
1447859262,242
1447859263,66
1447859264,156
1447859265,66
1447859266,156
1447859267,86
1447859268,66
1447859269,66
1447859270,66
1447859271,66
1447859272,242
1447859273,66
1447859274,156
1447859275,66
1447859276,156
1447859277,152
1447859278,66
1447859279,66
1447859280,66
1447859281,66
1447859282,242
1447859283,156
1447859284,66
1447859285,66
1447859286,156
1447859287,152
1447859288,66
1447859289,66
1447859290,66
1447859291,156
1447859292,152
1447859293,156
1447859294,66
1447859295,156
1447859296,66
1447859297,152
1447859298,66
1447859299,66
1447859300,66
1447859301,156
1447859302,242
1447859303,66
1447859304,66
1447859305,156
1447859306,66
1447859307,152
1447859308,66
1447859309,66
1447859310,156
1447859311,66
1447859312,156
1447859313,66
1447859314,156
1447859315,66
1447859316,66
1447859317,152
1447859318,66
1447859319,66
1447859320,156
1447859321,66
1447859322,242
1447859323,66
1447859324,156
1447859325,66
1447859326,66
1447859327,152
1447859328,66
1447859329,66
1447859330,156
1447859331,156
1447859332,152
1447859333,66
1447859334,156
1447859335,66
1447859336,66
1447859337,152
1447859338,66
1447859339,156
1447859340,66
1447859341,156
1447859342,152
1447859343,156
1447859344,66
1447859345,66
1447859346,66
1447859347,66
1447859348,66
1447859349,156
1447859350,66
1447859351,156
1447859352,152
1447859353,156
1447859354,66
1447859355,66
1447859356,66
1447859357,152
1447859358,66
1447859359,156
1447859360,156
1447859361,66
1447859362,152
1447859363,156
1447859364,66
1447859365,66
1447859366,66
1447859367,152
1447859368,156
1447859369,66
1447859370,156
**************************payload****************************
1447859151,48371
1447859152,79006
1447859153,89506
1447859154,89060
1447859155,56940
1447859156,51100
1447859157,302220
1447859162,15134
1447859166,22897
1447859167,296380
1447859168,70080
1447859179,24359
1447859180,7300
1447859181,32120
1447859182,319740
1447859183,335800
1447859184,394200
1447859185,373760
1447859186,2920
1447859187,1460
1447859190,1460
1447859195,1460
