**************************overload****************************
1447858333,152
1447858334,66
1447858335,66
1447858336,66
1447858337,66
1447858338,152
1447858339,66
1447858340,66
1447858341,66
1447858342,66
1447858343,152
1447858344,66
1447858345,66
1447858346,66
1447858347,66
1447858348,152
1447858349,66
1447858350,66
1447858351,66
1447858352,66
1447858353,152
1447858354,66
1447858355,66
1447858356,66
1447858357,66
1447858358,152
1447858359,66
1447858360,66
1447858361,66
1447858362,66
1447858363,152
1447858364,66
1447858365,66
1447858366,66
1447858367,66
1447858368,66
1447858369,66
1447858370,66
1447858371,66
1447858372,66
1447858373,152
1447858374,66
1447858375,66
1447858376,66
1447858377,66
1447858378,152
1447858379,66
1447858380,66
1447858381,66
1447858382,66
1447858383,152
1447858384,66
1447858385,66
1447858386,66
1447858387,66
1447858388,152
1447858389,66
1447858390,66
1447858391,66
1447858392,66
1447858393,152
1447858394,66
1447858395,66
1447858396,66
1447858397,66
1447858398,152
1447858399,66
1447858400,66
1447858401,66
1447858402,66
1447858403,66
1447858404,66
1447858405,66
1447858406,66
1447858407,66
1447858408,152
1447858409,66
1447858410,66
1447858411,66
1447858412,66
1447858413,152
1447858414,66
1447858415,66
1447858416,66
1447858417,66
1447858418,66
1447858419,66
1447858421,66
1447858422,66
1447858423,152
1447858424,66
1447858425,66
1447858426,66
1447858427,66
1447858428,152
1447858429,132
1447858430,66
1447858431,66
1447858432,66
1447858434,66
1447858435,66
1447858436,66
1447858437,66
1447858438,152
1447858439,66
1447858440,66
1447858441,66
1447858442,66
1447858443,66
1447858444,66
1447858445,66
1447858446,66
1447858447,66
1447858448,152
1447858449,66
1447858450,66
1447858451,66
1447858452,66
1447858453,152
1447858454,66
1447858455,66
1447858456,66
1447858457,66
1447858458,152
1447858459,66
1447858460,66
1447858461,66
1447858462,66
1447858463,152
1447858464,66
1447858465,66
1447858466,66
1447858467,66
1447858468,152
1447858469,66
1447858470,66
1447858471,66
1447858472,66
1447858473,152
1447858474,66
1447858475,66
1447858476,1254
1447858477,2764
1447858478,1502
1447858479,1416
1447858480,1308
1447858481,444
1447858482,1578
1447858483,2042
1447858484,1092
1447858485,1308
1447858486,1956
1447858487,2064
1447858488,1632
1447858489,1826
1447858490,246
1447858491,246
1447858492,66
1447858493,66
1447858494,332
1447858495,66
1447858496,210
1447858497,1506
1447858498,1416
1447858499,1772
1447858500,1020
1447858501,1416
1447858502,3198
1447858503,2334
1447858504,2042
1447858505,1686
1447858506,1416
1447858507,1200
1447858508,66
1447858509,152
1447858510,66
1447858511,66
1447858512,66
1447858513,66
1447858514,152
1447858515,66
1447858516,66
1447858517,66
1447858518,66
1447858519,152
1447858520,66
1447858521,66
1447858522,66
1447858523,66
1447858524,152
1447858525,66
1447858526,66
1447858527,66
1447858528,66
1447858529,152
1447858530,66
1447858531,66
1447858532,66
1447858533,66
1447858534,152
1447858535,66
1447858536,66
1447858537,66
1447858538,66
1447858539,152
1447858540,66
1447858541,66
1447858542,66
1447858543,66
1447858544,152
1447858545,66
1447858546,66
1447858547,66
1447858548,66
1447858549,152
1447858550,66
1447858551,66
1447858552,66
1447858553,66
1447858554,152
1447858555,66
1447858556,66
1447858557,66
1447858558,66
1447858559,66
1447858560,66
1447858561,66
1447858562,66
1447858563,66
1447858564,152
1447858565,66
1447858566,66
1447858567,66
1447858568,66
1447858569,152
1447858570,66
1447858571,66
1447858572,66
1447858574,152
1447858575,66
1447858576,66
1447858577,66
1447858578,66
1447858579,152
1447858580,66
1447858581,66
1447858582,66
1447858583,66
1447858584,66
1447858585,66
1447858586,66
1447858587,66
1447858588,66
1447858589,152
1447858590,66
1447858591,66
1447858592,66
1447858593,246
1447858594,246
**************************payload****************************
1447858476,264
1447858477,576
1447858478,300
1447858479,300
1447858480,276
1447858481,84
1447858482,336
1447858483,420
1447858484,228
1447858485,276
1447858486,420
1447858487,540
1447858488,348
1447858489,372
1447858496,24
1447858497,300
1447858498,300
1447858499,360
1447858500,192
1447858501,300
1447858502,1104
1447858503,504
1447858504,420
1447858505,360
1447858506,300
1447858507,252
