**************************overload****************************
1447858339,66
1447858340,152
1447858341,66
1447858342,66
1447858343,66
1447858344,66
1447858345,152
1447858346,66
1447858347,66
1447858348,66
1447858349,66
1447858350,152
1447858351,66
1447858352,66
1447858353,66
1447858354,66
1447858355,152
1447858356,66
1447858357,66
1447858358,66
1447858359,66
1447858360,152
1447858361,66
1447858362,66
1447858363,66
1447858364,66
1447858365,152
1447858366,66
1447858367,66
1447858368,66
1447858369,66
1447858370,152
1447858371,66
1447858372,66
1447858373,66
1447858374,66
1447858375,314
1447858376,3198
1447858377,3306
1447858378,3414
1447858379,3036
1447858380,1394
1447858381,2172
1447858382,1902
1447858383,3414
1447858384,12636
1447858385,86
1447858390,1400
1447858391,426
1447858392,5776
1447858393,8748
1447858398,680
1447858399,622
1447858400,120
1447858401,1180
1447858402,6534
1447858403,11664
1447858404,4428
1447858412,770
1447858413,496
1447858414,650
1447858415,66
1447858416,120
1447858417,152
1447858418,458
1447858419,156
1447858420,156
1447858421,2532
1447858422,1740
1447858423,1944
1447858424,2028
1447858425,3230
1447858426,966
1447858427,2064
1447858428,14040
1447858429,4158
1447858430,54
1447858432,54
1447858435,54
1447858436,530
1447858437,66
1447858438,336
1447858439,66
1447858440,336
1447858441,66
1447858442,66
1447858443,66
1447858444,66
1447858445,66
1447858446,152
1447858447,66
1447858448,66
1447858449,156
1447858450,156
1447858451,152
1447858452,66
1447858453,156
1447858454,66
1447858455,66
1447858456,152
1447858457,66
1447858458,66
1447858459,66
1447858460,66
1447858461,152
1447858462,156
1447858463,156
1447858464,66
1447858465,66
1447858466,242
1447858467,66
1447858468,66
1447858469,66
1447858470,66
1447858471,152
1447858472,66
1447858473,66
1447858474,156
1447858475,66
1447858476,242
1447858477,66
1447858478,66
1447858479,156
1447858480,66
1447858481,152
1447858482,66
1447858483,66
1447858484,66
1447858485,66
1447858486,152
1447858487,156
1447858488,66
1447858489,156
1447858490,66
1447858491,242
1447858492,66
1447858493,66
1447858494,66
1447858495,66
1447858496,152
1447858497,66
1447858498,66
1447858499,66
1447858500,156
1447858501,152
1447858502,156
1447858503,66
1447858504,156
1447858505,66
1447858506,152
1447858507,66
1447858508,66
1447858509,66
1447858510,66
1447858511,152
1447858512,66
1447858513,156
1447858514,66
1447858515,156
1447858516,152
1447858517,156
1447858518,66
1447858519,66
1447858520,66
1447858521,152
1447858522,66
1447858523,66
1447858524,66
1447858525,66
1447858526,156
1447858527,156
1447858528,66
1447858529,66
1447858530,156
1447858531,152
1447858532,66
1447858533,66
1447858534,66
1447858535,66
1447858536,66
1447858537,66
1447858538,66
1447858539,156
1447858540,156
1447858541,152
1447858542,66
1447858543,156
1447858544,66
1447858545,66
1447858546,152
1447858547,66
1447858548,66
1447858549,66
1447858550,66
1447858551,152
1447858552,156
1447858553,156
1447858554,66
1447858555,66
1447858556,242
1447858557,66
1447858558,66
1447858559,66
1447858560,66
1447858561,152
1447858562,66
1447858563,66
1447858564,156
1447858565,66
1447858566,242
1447858567,66
1447858568,156
1447858569,66
1447858570,66
1447858571,152
1447858572,66
1447858573,66
1447858574,66
1447858575,66
1447858576,152
1447858577,156
1447858578,66
1447858579,156
1447858580,66
1447858581,242
1447858582,66
1447858583,66
1447858584,66
1447858585,66
1447858586,152
1447858587,66
1447858588,66
1447858589,66
1447858590,156
1447858591,152
1447858592,156
1447858593,66
1447858594,156
1447858595,66
1447858596,152
1447858597,180
**************************payload****************************
1447858375,78
1447858376,83443
1447858377,87600
1447858378,83243
1447858379,67811
1447858380,1628
1447858381,28855
1447858382,42218
1447858383,84335
1447858384,341640
1447858390,15598
1447858392,153300
1447858393,236520
1447858398,15387
1447858400,1460
1447858401,24820
1447858402,176660
1447858403,315360
1447858404,118561
1447858412,14823
1447858413,1460
1447858414,1460
1447858416,1460
1447858421,64240
1447858422,45260
1447858423,52560
1447858424,48180
1447858425,83220
1447858426,21900
1447858427,54020
1447858428,379600
1447858429,112420
1447858430,1460
1447858432,1460
1447858435,1460
1447858436,2920
