**************************overload****************************
1447858336,66
1447858337,66
1447858338,86
1447858339,132
1447858340,66
1447858342,66
1447858343,152
1447858344,66
1447858345,66
1447858346,66
1447858347,66
1447858348,152
1447858349,66
1447858350,66
1447858351,66
1447858352,66
1447858353,152
1447858354,66
1447858355,66
1447858356,66
1447858357,66
1447858358,152
1447858359,66
1447858360,66
1447858361,66
1447858362,66
1447858363,152
1447858364,66
1447858365,66
1447858366,66
1447858367,66
1447858368,152
1447858369,66
1447858370,66
1447858371,66
1447858372,66
1447858373,152
1447858374,66
1447858375,282
1447858376,1902
1447858377,1632
1447858378,1686
1447858379,1956
1447858380,1610
1447858381,2226
1447858382,1632
1447858383,2172
1447858384,2442
1447858385,260
1447858386,66
1447858387,156
1447858388,66
1447858389,156
1447858390,1142
1447858391,246
1447858392,2640
1447858393,1722
1447858394,966
1447858395,246
1447858396,156
1447858397,66
1447858398,426
1447858399,156
1447858400,1142
1447858401,822
1447858402,2190
1447858403,2154
1447858404,1254
1447858405,156
1447858406,156
1447858407,156
1447858408,66
1447858409,246
1447858410,242
1447858411,66
1447858412,876
1447858413,246
1447858414,786
1447858415,152
1447858416,966
1447858417,66
1447858418,336
1447858419,156
1447858420,242
1447858421,1722
1447858422,876
1447858423,1164
1447858424,1524
1447858425,1214
1447858426,1254
1447858427,2730
1447858428,1992
1447858429,930
1447858430,156
1447858431,242
1447858432,156
1447858433,66
1447858434,246
1447858435,156
1447858436,152
1447858437,156
1447858438,90
1447858439,222
1447858441,332
1447858442,156
1447858443,132
1447858444,90
1447858445,156
1447858446,242
1447858447,66
1447858448,246
1447858449,156
1447858450,66
1447858451,242
1447858452,156
1447858453,156
1447858454,66
1447858455,246
1447858456,242
1447858457,66
1447858458,156
1447858459,156
1447858460,156
1447858461,152
1447858462,246
1447858463,156
1447858464,66
1447858465,156
1447858466,242
1447858467,156
1447858468,66
1447858469,246
1447858470,66
1447858471,242
1447858472,156
1447858473,156
1447858474,156
1447858475,66
1447858476,1722
1447858477,2604
1447858478,3122
1447858479,2712
1447858480,5454
1447858481,984
1447858482,2496
1447858483,3392
1447858484,3414
1447858485,2226
1447858486,15660
1447858487,5670
1447858488,7970
1447858489,6372
1447858493,86
1447858495,120
1447858496,120
1447858497,2214
1447858498,2766
1447858499,3230
1447858500,3252
1447858501,3576
1447858502,2496
1447858503,2874
1447858504,4256
1447858505,2442
1447858506,2928
1447858507,2010
1447858508,66
1447858509,152
1447858510,66
1447858511,66
1447858512,66
1447858513,66
1447858514,152
1447858515,66
1447858516,66
1447858517,66
1447858518,66
1447858519,152
1447858520,66
1447858521,66
1447858522,66
1447858523,66
1447858524,152
1447858525,66
1447858526,66
1447858527,66
1447858528,66
1447858529,86
1447858530,66
1447858531,66
1447858532,66
1447858533,66
1447858534,152
1447858535,66
1447858536,66
1447858537,66
1447858538,66
1447858539,152
1447858540,66
1447858541,66
1447858542,66
1447858543,66
1447858544,152
1447858545,66
1447858546,66
1447858547,66
1447858548,66
1447858549,152
1447858550,66
1447858551,66
1447858552,66
1447858553,66
1447858554,152
1447858555,66
1447858556,66
1447858557,66
1447858558,66
1447858559,152
1447858560,66
1447858561,66
1447858562,66
1447858563,66
1447858564,152
1447858565,66
1447858566,66
1447858567,66
1447858568,66
1447858569,152
1447858570,66
1447858571,66
1447858572,66
1447858573,66
1447858574,152
1447858575,66
1447858576,66
1447858577,66
1447858578,66
1447858579,152
1447858580,66
1447858581,66
1447858582,66
1447858583,66
1447858584,152
1447858585,66
1447858586,66
1447858587,66
1447858588,66
1447858589,152
1447858590,66
1447858591,66
1447858592,66
1447858593,66
1447858594,152
1447858595,426
1447858596,246
**************************payload****************************
1447858375,90
1447858376,408
1447858377,348
1447858378,360
1447858379,408
1447858380,168
1447858381,300
1447858382,348
1447858383,468
1447858384,348
1447858385,24
1447858392,384
1447858393,348
1447858400,84
1447858401,168
1447858402,312
1447858403,444
1447858404,204
1447858421,408
1447858422,180
1447858423,204
1447858424,324
1447858425,216
1447858426,336
1447858427,984
1447858428,408
1447858429,192
1447858476,36366
1447858477,64909
1447858478,73962
1447858479,62488
1447858480,141847
1447858481,24820
1447858482,61807
1447858483,83918
1447858484,85419
1447858485,57524
1447858486,417302
1447858487,153300
1447858488,213160
1447858489,172280
1447858495,1460
1447858496,1460
1447858497,59860
1447858498,73000
1447858499,83220
1447858500,86140
1447858501,91285
1447858502,65700
1447858503,74258
1447858504,108486
1447858505,64240
1447858506,77380
1447858507,52433
