**************************overload****************************
1447859127,1578
1447859128,3414
1447859129,4892
1447859130,1686
1447859131,3468
1447859132,3522
1447859133,3522
1447859134,3306
1447859135,3500
1447859136,3414
1447859137,10638
1447859138,2106
1447859140,1176
1447859141,3198
1447859142,2872
1447859143,3468
1447859144,4872
1447859145,10800
1447859146,10152
1447859147,9558
1447859148,8964
1447859149,108
1447859150,140
1447859153,54
1447859155,86
1447859156,172
1447859157,1036
1447859158,3522
1447859159,3414
1447859160,3608
1447859161,3468
1447859162,3522
1447859163,3522
1447859164,3522
1447859165,12032
1447859166,54
1447859167,54
1447859168,1632
1447859169,278
1447859170,3120
1447859171,550
1447859172,3198
1447859173,2006
1447859174,1146
1447859175,3446
1447859176,4104
1447859177,3144
1447859178,4494
1447859179,2658
1447859180,5174
1447859181,3486
1447859182,4476
1447859183,3306
1447859184,4116
1447859185,3860
1447859186,66
1447859187,66
1447859188,66
**************************payload****************************
1447859127,39643
1447859128,90520
1447859129,129940
1447859130,43800
1447859131,91980
1447859132,93440
1447859133,93440
1447859134,78083
1447859135,75676
1447859136,74439
1447859137,282672
1447859138,56940
1447859140,24820
1447859141,84680
1447859142,73000
1447859143,91980
1447859144,128417
1447859145,290763
1447859146,274480
1447859147,258420
1447859148,242360
1447859149,2920
1447859150,1460
1447859153,1460
1447859157,23360
1447859158,93440
1447859159,90520
1447859160,93440
1447859161,91980
1447859162,93440
1447859163,93440
1447859164,93440
1447859165,319771
1447859166,1460
1447859167,1460
1447859168,42340
1447859170,77380
1447859171,10220
1447859172,84680
1447859173,46720
1447859174,29200
1447859175,89060
1447859176,110960
1447859177,83220
1447859178,119720
1447859179,70080
1447859180,26280
1447859185,1484
