**************************overload****************************
1447859125,66
1447859126,66
1447859127,768
1447859128,2928
1447859129,984
1447859130,2096
1447859131,2496
1447859132,1686
1447859133,1848
1447859134,1578
1447859135,1934
1447859136,2118
1447859137,3522
1447859138,606
1447859139,66
1447859140,1034
1447859141,984
1447859142,2046
1447859143,2496
1447859144,2010
1447859145,1556
1447859146,2658
1447859147,2334
1447859148,1830
1447859149,336
1447859150,512
1447859151,156
1447859152,246
1447859153,426
1447859154,246
1447859155,152
1447859156,66
1447859157,696
1447859158,1902
1447859159,1470
1447859160,962
1447859161,1200
1447859162,1092
1447859163,1362
1447859164,1632
1447859165,2096
1447859166,174
1447859167,66
1447859168,2946
1447859169,1326
1447859170,6470
1447859171,1146
1447859172,2208
1447859173,3234
1447859174,552
1447859175,1556
1447859176,1524
1447859177,1254
1447859178,1848
1447859179,1308
1447859180,1902
1447859181,564
1447859182,756
1447859185,440
1447859187,172
**************************payload****************************
1447859127,156
1447859128,636
1447859129,204
1447859130,672
1447859131,732
1447859132,360
1447859133,396
1447859134,336
1447859135,396
1447859136,456
1447859137,768
1447859138,120
1447859140,96
1447859141,204
1447859142,360
1447859143,540
1447859144,372
1447859145,312
1447859146,708
1447859147,504
1447859148,372
1447859157,132
1447859158,408
1447859159,312
1447859160,180
1447859161,252
1447859162,228
1447859163,288
1447859164,348
1447859165,432
1447859166,24
1447859168,396
1447859170,1856
1447859171,360
1447859172,336
1447859173,264
1447859174,108
1447859175,312
1447859176,324
1447859177,264
1447859178,396
1447859179,276
1447859180,408
1447859181,12
1447859182,12
1447859185,12
