**************************overload****************************
1447857652,66
1447857653,2204
1447857654,3306
1447857655,3360
1447857656,3198
1447857657,3456
1447857658,3446
1447857659,5844
1447857660,2106
1447857661,3864
1447857662,7560
1447857663,5432
1447857664,12906
1447857665,13230
1447857666,10692
1447857667,4860
1447857668,5486
1447857669,54
1447857670,54
1447857672,54
1447857677,54
1447857678,3032
1447857679,66
1447857680,66
1447857681,2946
1447857682,66
1447857683,258
1447857684,66
1447857685,66
1447857686,3360
1447857687,3306
1447857688,3014
1447857689,66
1447857690,66
1447857691,66
1447857692,66
1447857693,584
1447857694,2874
1447857695,3306
1447857696,3252
1447857697,3306
1447857698,2798
1447857699,282
1447857700,66
1447857701,66
1447857702,66
1447857703,152
1447857704,66
1447857705,66
1447857706,66
1447857707,120
1447857708,174
**************************payload****************************
1447857653,48269
1447857654,78941
1447857655,89060
1447857656,84680
1447857657,86256
1447857658,89060
1447857659,156220
1447857660,56940
1447857661,22671
1447857662,204400
1447857663,144540
1447857664,348940
1447857665,356892
1447857666,288440
1447857667,128504
1447857668,146000
1447857669,1460
1447857670,1460
1447857672,1460
1447857677,1460
1447857686,89060
1447857687,82529
1447857688,65010
1447857693,1628
1447857694,63550
1447857695,72756
1447857696,71296
1447857697,72756
1447857698,59052
1447857699,5840
1447857707,12
1447857708,24
