**************************overload****************************
1447857650,66
1447857651,66
1447857652,66
1447857653,1988
1447857654,2928
1447857655,3468
1447857656,3468
1447857657,1956
1447857658,2366
1447857659,1794
1447857660,1416
1447857661,216
1447857662,3520
1447857663,2948
1447857664,2388
1447857665,984
1447857666,2064
1447857667,1092
1447857668,1790
1447857669,246
1447857670,876
1447857671,246
1447857672,696
1447857673,336
1447857674,336
1447857675,66
1447857676,246
1447857677,66
1447857678,242
1447857679,544
1447857680,156
1447857681,66
1447857682,262
1447857683,152
1447857684,66
1447857685,66
1447857686,1956
1447857687,1740
1447857688,1340
1447857689,66
1447857690,66
1447857691,66
1447857692,66
1447857693,530
1447857694,2442
1447857695,2442
1447857696,1902
1447857697,1902
1447857698,1664
1447857699,390
1447857700,66
1447857701,66
1447857702,66
1447857703,152
1447857704,66
1447857705,66
1447857706,66
1447857707,120
**************************payload****************************
1447857653,408
1447857654,636
1447857655,756
1447857656,756
1447857657,420
1447857658,492
1447857659,384
1447857660,300
1447857661,48
1447857662,1140
1447857663,660
1447857664,516
1447857665,204
1447857666,444
1447857667,228
1447857668,264
1447857679,24
1447857686,432
1447857687,372
1447857688,228
1447857693,168
1447857694,528
1447857695,528
1447857696,408
1447857697,408
1447857698,336
1447857699,24
1447857707,12
