**************************overload****************************
1447859365,66
1447859366,2442
1447859367,2064
1447859368,1988
1447859369,1902
1447859370,660
1447859371,66
1447859372,66
1447859373,260
1447859374,2550
1447859375,3360
1447859376,2604
1447859377,2658
1447859378,2636
1447859379,498
1447859380,2172
1447859381,3402
1447859382,3576
1447859383,3468
1447859384,3090
1447859385,2960
1447859386,2334
1447859387,1686
1447859388,1632
1447859389,2874
1447859390,3554
1447859391,1834
1447859392,2438
1447859393,1730
1447859394,1520
1447859395,2634
1447859396,1628
1447859397,2010
1447859398,1686
1447859399,1902
1447859400,1988
1447859401,1848
1447859402,1956
1447859403,876
1447859404,66
1447859405,314
1447859406,2982
1447859407,2442
1447859408,1524
1447859409,876
1447859410,1274
1447859411,1848
1447859412,1524
1447859413,282
1447859414,2442
1447859415,714
1447859416,1880
1447859417,1254
1447859418,1254
1447859419,1902
1447859420,336
1447859421,2258
1447859422,174
1447859423,174
**************************payload****************************
1447859366,528
1447859367,444
1447859368,408
1447859369,408
1447859370,84
1447859373,40
1447859374,620
1447859375,732
1447859376,564
1447859377,576
1447859378,552
1447859379,96
1447859380,468
1447859381,1356
1447859382,1840
1447859383,2300
1447859384,1752
1447859385,764
1447859386,504
1447859387,360
1447859388,348
1447859389,840
1447859390,1712
1447859391,684
1447859392,612
1447859393,300
1447859394,468
1447859395,636
1447859396,420
1447859397,432
1447859398,360
1447859399,408
1447859400,408
1447859401,396
1447859402,420
1447859403,108
1447859405,78
1447859406,648
1447859407,528
1447859408,324
1447859409,180
1447859410,264
1447859411,396
1447859412,324
1447859413,48
1447859414,540
1447859415,144
1447859416,384
1447859417,264
1447859418,264
1447859419,408
1447859420,60
1447859421,692
1447859422,44
1447859423,44
