**************************overload****************************
1447859362,66
1447859363,66
1447859364,152
1447859365,66
1447859366,3468
1447859367,3090
1447859368,3144
1447859369,3500
1447859370,1686
1447859371,66
1447859372,66
1447859373,66
1447859374,3122
1447859375,3564
1447859376,3468
1447859377,3522
1447859378,5142
1447859379,2570
1447859380,1956
1447859381,3522
1447859382,3306
1447859383,2928
1447859384,2766
1447859385,3068
1447859386,3738
1447859387,3360
1447859388,3360
1447859389,4278
1447859390,2690
1447859391,3954
1447859392,2172
1447859393,5160
1447859394,498
1447859395,4148
1447859396,2154
1447859397,3090
1447859398,2982
1447859399,3252
1447859400,3230
1447859401,3144
1447859402,3252
1447859403,1416
1447859404,66
1447859405,908
1447859406,2874
1447859407,3576
1447859408,3306
1447859409,3414
1447859410,3554
1447859411,3468
1447859412,3252
1447859413,4266
1447859414,2010
1447859415,4224
1447859416,1934
1447859417,3792
1447859418,3306
1447859419,3306
1447859420,4536
1447859421,1146
**************************payload****************************
1447859366,83139
1447859367,68153
1447859368,69824
1447859369,75887
1447859370,37497
1447859374,67774
1447859375,96360
1447859376,91980
1447859377,93440
1447859378,137240
1447859379,67160
1447859380,51100
1447859381,93440
1447859382,87600
1447859383,77380
1447859384,73000
1447859385,78840
1447859386,99280
1447859387,89060
1447859388,89060
1447859389,113880
1447859390,68620
1447859391,46720
1447859392,56940
1447859393,81760
1447859394,11680
1447859395,71540
1447859396,53882
1447859397,81760
1447859398,77465
1447859399,71369
1447859400,71061
1447859401,68376
1447859402,72744
1447859403,31434
1447859405,13453
1447859406,75920
1447859407,94900
1447859408,85664
1447859409,90520
1447859410,91980
1447859411,91980
1447859412,84746
1447859413,113288
1447859414,51745
1447859415,112420
1447859416,48180
1447859417,100740
1447859418,87600
1447859419,87600
1447859420,122640
1447859421,26772
