**************************overload****************************
1447859115,86
1447859116,66
1447859117,66
1447859118,66
1447859119,66
1447859120,152
1447859121,66
1447859122,66
1447859123,66
1447859124,66
1447859125,152
1447859126,66
1447859127,66
1447859128,66
1447859129,66
1447859130,152
1447859131,66
1447859132,66
1447859133,66
1447859134,66
1447859135,152
1447859136,66
1447859137,66
1447859138,66
1447859139,66
1447859140,152
1447859141,66
1447859142,66
1447859143,66
1447859144,66
1447859145,152
1447859146,66
1447859147,66
1447859148,66
1447859149,66
1447859150,152
1447859151,66
1447859152,66
1447859153,66
1447859154,66
1447859155,152
1447859156,66
1447859157,66
1447859158,66
1447859159,66
1447859160,152
1447859161,66
1447859162,66
1447859163,66
1447859164,66
1447859165,152
1447859166,66
1447859167,66
1447859168,66
1447859169,66
1447859170,152
1447859171,66
1447859172,66
1447859173,66
1447859174,66
1447859175,152
1447859176,66
1447859177,66
1447859178,66
1447859179,66
1447859180,152
1447859181,66
1447859182,66
1447859183,66
1447859184,66
1447859185,152
1447859186,66
1447859187,66
1447859188,66
1447859189,66
1447859190,152
1447859191,66
1447859192,66
1447859193,66
1447859194,66
1447859195,152
1447859196,66
1447859197,66
1447859198,66
1447859199,66
1447859200,152
1447859201,66
1447859202,66
1447859203,66
1447859204,66
1447859205,152
1447859206,66
1447859207,66
1447859208,66
1447859209,66
1447859210,152
1447859211,66
1447859212,66
1447859213,66
1447859214,66
1447859215,152
1447859216,66
1447859217,66
1447859218,66
1447859219,66
1447859220,152
1447859221,66
1447859222,66
1447859223,66
1447859224,66
1447859225,66
1447859226,66
1447859227,66
1447859228,66
1447859229,66
1447859230,152
1447859231,66
1447859232,66
1447859233,66
1447859235,152
1447859236,66
1447859237,66
1447859238,66
1447859239,66
1447859240,152
1447859241,66
1447859242,66
1447859243,66
1447859244,66
1447859245,152
1447859246,66
1447859247,66
1447859248,66
1447859249,66
1447859250,66
1447859251,156
1447859252,2654
1447859253,2634
1447859254,3360
1447859255,2618
1447859256,3360
1447859257,2442
1447859258,1956
1447859259,3414
1447859260,1416
1447859261,66
1447859262,66
1447859263,66
1447859264,66
1447859265,152
1447859266,66
1447859267,66
1447859268,66
1447859269,3972
1447859270,66
1447859271,1952
1447859272,660
1447859273,1578
1447859274,2838
1447859275,1848
1447859276,1524
1447859277,1922
1447859278,1578
1447859279,1794
1447859280,1470
1447859281,2226
1447859282,1502
1447859283,1524
1447859284,552
1447859285,66
1447859286,66
1447859287,152
1447859288,66
1447859289,66
1447859290,66
1447859291,66
1447859292,152
1447859293,66
1447859294,66
1447859295,66
1447859296,66
1447859297,152
1447859298,66
1447859299,66
1447859300,66
1447859301,66
1447859302,152
1447859303,66
1447859304,66
1447859305,66
1447859306,66
1447859307,152
1447859308,66
1447859309,66
1447859310,66
1447859311,66
1447859312,152
1447859313,66
1447859314,66
1447859315,66
1447859316,66
1447859317,152
1447859318,66
1447859319,66
1447859320,66
1447859321,66
1447859322,152
1447859323,66
1447859324,66
1447859325,66
1447859326,66
1447859327,152
1447859328,66
1447859329,66
1447859330,66
1447859331,66
1447859332,152
1447859333,66
1447859334,66
1447859335,66
1447859336,66
1447859337,152
1447859338,66
1447859339,66
1447859340,66
1447859341,66
1447859342,152
1447859343,66
1447859344,66
1447859345,66
1447859346,66
1447859347,152
1447859348,66
1447859349,66
1447859350,66
1447859351,66
1447859352,152
1447859353,66
1447859354,66
1447859355,66
1447859356,66
1447859357,152
1447859358,66
1447859359,66
1447859360,66
1447859361,66
1447859362,152
1447859363,66
1447859364,66
1447859365,66
1447859366,66
1447859367,152
1447859368,66
1447859369,66
1447859370,66
1447859371,180
**************************payload****************************
1447859252,648
1447859253,480
1447859254,732
1447859255,528
1447859256,732
1447859257,528
1447859258,420
1447859259,744
1447859260,300
1447859269,1088
1447859271,120
1447859272,240
1447859273,612
1447859274,276
1447859275,396
1447859276,324
1447859277,408
1447859278,336
1447859279,384
1447859280,312
1447859281,600
1447859282,300
1447859283,324
1447859284,108
