**************************overload****************************
1447857866,1416
1447857867,2928
1447857868,2658
1447857869,2712
1447857870,3500
1447857871,2280
1447857872,2982
1447857873,7680
1447857875,152
1447857876,5412
1447857877,336
1447857878,2982
1447857879,3996
1447857880,2312
1447857881,2766
1447857882,2982
1447857883,2820
1447857884,2820
1447857885,3284
1447857886,3036
1447857887,2712
1447857888,4494
1447857889,13176
1447857890,14072
1447857891,2808
1447857892,7074
1447857893,108
1447857895,86
1447857899,54
1447857900,120
1447857901,906
1447857902,496
1447857903,66
1447857904,228
1447857905,66
1447857906,152
1447857907,66
1447857908,66
1447857909,66
1447857910,66
1447857911,332
1447857912,156
1447857913,336
1447857914,66
1447857915,336
1447857916,332
1447857917,156
1447857918,156
1447857919,246
1447857920,336
1447857921,332
1447857922,66
1447857923,336
1447857924,336
1447857925,336
1447857926,242
1447857927,336
1447857928,336
1447857929,336
1447857930,246
1447857931,422
1447857932,336
1447857933,336
1447857934,246
1447857935,246
1447857936,422
1447857937,336
1447857938,336
1447857939,336
1447857940,246
1447857941,422
1447857942,336
1447857943,246
1447857944,336
1447857945,246
1447857946,422
1447857947,336
1447857948,336
1447857949,246
1447857950,336
1447857951,422
1447857952,336
1447857953,246
1447857954,180
1447857955,336
1447857956,422
1447857957,336
1447857958,246
1447857959,336
1447857960,336
1447857961,422
1447857962,246
1447857963,246
1447857964,336
1447857965,336
1447857966,422
1447857967,336
1447857968,246
1447857969,336
1447857970,336
1447857971,332
1447857972,336
1447857973,246
1447857974,336
1447857975,336
1447857976,422
1447857977,246
1447857978,336
1447857979,336
1447857980,336
1447857981,332
1447857982,246
1447857983,336
1447857984,336
1447857985,336
1447857986,332
1447857987,336
1447857988,336
1447857989,336
1447857990,246
1447857991,332
1447857992,336
1447857993,336
1447857994,336
1447857995,246
1447857996,422
1447857997,336
1447857998,336
1447857999,246
1447858000,336
1447858001,332
1447858002,336
1447858003,336
1447858004,336
1447858005,246
1447858006,422
1447858007,336
1447858008,246
1447858009,336
1447858010,246
1447858011,422
1447858012,336
1447858013,336
1447858014,246
1447858015,246
1447858016,242
1447858017,156
1447858018,66
1447858019,66
1447858020,66
1447858021,152
1447858022,66
1447858023,66
1447858024,66
1447858025,66
1447858026,152
1447858027,66
1447858028,66
1447858029,66
1447858030,66
1447858031,152
1447858032,66
1447858033,66
1447858034,66
1447858035,66
1447858036,152
1447858037,66
1447858038,66
1447858039,66
1447858040,66
1447858041,152
1447858042,66
1447858043,66
1447858044,66
1447858045,66
1447858046,152
1447858047,66
1447858048,66
1447858049,66
1447858050,66
1447858051,152
1447858052,66
1447858053,66
1447858054,66
1447858055,66
1447858056,152
1447858057,66
1447858058,66
1447858059,66
1447858060,66
1447858061,152
1447858062,66
1447858063,66
1447858064,66
1447858065,66
1447858066,152
1447858067,66
1447858068,66
1447858069,180
**************************payload****************************
1447857866,31763
1447857867,74513
1447857868,64768
1447857869,60407
1447857870,80344
1447857871,52860
1447857872,65233
1447857873,192242
1447857876,138355
1447857877,7300
1447857878,75034
1447857879,95390
1447857880,57163
1447857881,63766
1447857882,65233
1447857883,62301
1447857884,62090
1447857885,80871
1447857886,78939
1447857887,71540
1447857888,119527
1447857889,355483
1447857890,377248
1447857891,75920
1447857892,191260
1447857893,2920
1447857899,1460
1447857900,1460
1447857901,3124
1447857902,2986
1447857904,2950
