**************************overload****************************
1447858348,66
1447858349,66
1447858350,152
1447858351,66
1447858352,66
1447858353,66
1447858354,66
1447858355,152
1447858356,66
1447858357,66
1447858358,66
1447858359,66
1447858360,152
1447858361,66
1447858362,66
1447858363,66
1447858364,66
1447858365,152
1447858366,66
1447858367,66
1447858368,66
1447858369,66
1447858370,152
1447858371,66
1447858372,66
1447858373,66
1447858374,66
1447858375,152
1447858376,66
1447858377,66
1447858378,66
1447858379,66
1447858380,152
1447858381,66
1447858382,66
1447858383,66
1447858384,66
1447858385,152
1447858386,66
1447858387,66
1447858388,66
1447858389,66
1447858390,152
1447858391,66
1447858392,66
1447858393,66
1447858394,66
1447858395,152
1447858396,66
1447858397,66
1447858398,66
1447858399,66
1447858400,66
1447858401,66
1447858402,66
1447858403,66
1447858404,66
1447858405,152
1447858406,66
1447858407,66
1447858408,66
1447858409,66
1447858410,152
1447858411,66
1447858412,66
1447858413,66
1447858414,66
1447858415,86
1447858416,66
1447858417,132
1447858419,66
1447858420,152
1447858421,66
1447858422,66
1447858423,66
1447858424,66
1447858425,152
1447858426,66
1447858427,66
1447858428,66
1447858429,66
1447858430,152
1447858431,66
1447858432,66
1447858433,66
1447858434,66
1447858435,152
1447858436,66
1447858437,66
1447858438,66
1447858439,66
1447858440,152
1447858441,66
1447858442,66
1447858443,66
1447858444,66
1447858445,152
1447858446,66
1447858447,66
1447858448,66
1447858449,66
1447858450,152
1447858451,66
1447858452,66
1447858453,66
1447858454,66
1447858455,152
1447858456,66
1447858457,66
1447858458,66
1447858459,66
1447858460,66
1447858461,66
1447858462,66
1447858463,66
1447858464,66
1447858465,152
1447858466,66
1447858467,66
1447858468,66
1447858469,66
1447858470,152
1447858471,66
1447858472,66
1447858473,66
1447858474,66
1447858475,152
1447858476,1792
1447858477,2604
1447858478,1794
1447858479,1794
1447858480,1880
1447858481,1362
1447858482,1794
1447858483,66
1447858484,444
1447858485,2420
1447858486,336
1447858487,66
1447858488,66
1447858489,66
1447858490,152
1447858491,66
1447858492,66
1447858493,66
1447858494,172
1447858495,152
1447858496,278
1447858497,66
1447858498,66
1447858499,66
1447858500,152
1447858501,66
1447858502,66
1447858503,66
1447858504,66
1447858505,152
1447858506,1038
1447858507,1902
1447858508,1578
1447858509,1578
1447858510,1610
1447858511,1740
1447858512,1524
1447858513,2064
1447858514,66
1447858515,530
1447858516,2010
1447858517,1578
1447858518,1308
1447858519,390
1447858520,1718
1447858521,1740
1447858522,1686
1447858523,1740
1447858524,1794
1447858525,530
1447858526,3090
1447858527,2766
1447858528,1254
1447858529,66
1447858530,152
1447858531,66
1447858532,66
1447858533,66
1447858534,66
1447858535,152
1447858536,66
1447858537,66
1447858538,66
1447858539,66
1447858540,152
1447858541,66
1447858542,66
1447858543,66
1447858544,66
1447858545,152
1447858546,66
1447858547,66
1447858548,66
1447858549,66
1447858550,152
1447858551,66
1447858552,66
1447858553,66
1447858554,66
1447858555,152
1447858556,66
1447858557,66
1447858558,66
1447858559,66
1447858560,152
1447858561,66
1447858562,66
1447858563,66
1447858564,66
1447858565,152
1447858566,66
1447858567,66
1447858569,66
1447858570,66
1447858571,218
1447858573,66
1447858574,66
1447858575,66
1447858576,218
1447858577,66
1447858579,66
1447858580,66
1447858581,66
1447858582,66
1447858583,66
1447858584,132
1447858585,66
1447858586,152
1447858587,66
1447858588,66
1447858589,66
1447858590,66
1447858591,152
1447858592,66
1447858593,66
1447858594,66
1447858595,66
1447858596,152
1447858597,66
1447858598,66
1447858599,426
**************************payload****************************
1447858476,360
1447858477,564
1447858478,384
1447858479,384
1447858480,384
1447858481,288
1447858482,384
1447858484,84
1447858485,504
1447858486,60
1447858506,288
1447858507,408
1447858508,336
1447858509,336
1447858510,324
1447858511,372
1447858512,324
1447858513,444
1447858515,84
1447858516,432
1447858517,336
1447858518,276
1447858519,72
1447858520,348
1447858521,372
1447858522,360
1447858523,372
1447858524,384
1447858525,78
1447858526,672
1447858527,672
1447858528,264
