**************************overload****************************
1447860669,66
1447860670,152
1447860671,66
1447860672,66
1447860673,66
1447860674,66
1447860675,152
1447860676,66
1447860677,66
1447860678,66
1447860679,66
1447860680,152
1447860681,66
1447860682,66
1447860683,66
1447860684,66
1447860685,152
1447860686,66
1447860687,66
1447860688,66
1447860689,66
1447860690,152
1447860691,66
1447860692,66
1447860693,66
1447860694,66
1447860695,152
1447860696,66
1447860697,66
1447860698,66
1447860699,66
1447860700,152
1447860701,66
1447860702,66
1447860703,66
1447860704,66
1447860705,152
1447860706,66
1447860707,66
1447860708,66
1447860709,66
1447860710,530
1447860711,1956
1447860712,2064
1447860713,1848
1447860714,1470
1447860715,1502
1447860716,2442
1447860717,768
1447860718,1632
1447860719,1740
1447860720,66
1447860721,152
1447860722,66
1447860723,6510
1447860724,5736
1447860725,894
1447860726,1232
1447860727,6582
1447860728,156
1447860729,66
1447860730,1146
1447860731,570
1447860732,1538
1447860733,228
1447860734,1200
1447860735,894
1447860736,1074
1447860737,1740
1447860738,156
1447860739,588
1447860740,1398
1447860741,786
1447860742,1322
1447860743,2388
1447860744,966
1447860745,606
1447860746,876
1447860747,498
1447860748,932
1447860749,2766
1447860750,1104
1447860751,2136
1447860752,1182
1447860753,2582
1447860754,1044
1447860755,1560
1447860756,66
1447860757,1200
1447860758,516
1447860759,858
1447860760,152
1447860761,1020
1447860762,2496
1447860763,2136
1447860764,696
1447860765,512
1447860766,2496
1447860767,156
1447860768,66
1447860769,246
1447860770,152
1447860771,156
1447860772,66
1447860773,246
1447860774,66
1447860775,242
1447860776,66
1447860777,246
1447860778,66
1447860779,156
1447860780,152
1447860781,246
1447860782,156
1447860783,66
1447860784,66
1447860785,332
1447860786,156
1447860787,66
1447860788,156
1447860789,156
1447860790,242
1447860791,66
1447860792,246
1447860793,66
1447860794,156
1447860795,152
1447860796,246
1447860797,66
1447860798,156
1447860799,66
1447860800,332
1447860801,66
1447860802,156
1447860803,66
1447860804,246
1447860805,242
1447860806,66
1447860807,66
1447860808,246
1447860809,156
1447860810,152
1447860811,66
1447860812,2550
1447860813,3630
1447860814,2874
1447860815,3014
1447860816,13392
1447860817,8964
1447860818,10476
1447860819,11016
1447860820,378
1447860828,206
1447860829,160
1447860830,2280
1447860831,2658
1447860832,2820
1447860833,3630
1447860834,3144
1447860835,2582
1447860836,2172
1447860837,3306
1447860838,2496
1447860839,2604
1447860840,66
1447860841,152
1447860843,132
1447860845,66
1447860846,152
1447860847,66
1447860848,66
1447860849,66
1447860850,66
1447860851,152
1447860852,66
1447860853,66
1447860854,66
1447860855,66
1447860856,152
1447860857,66
1447860858,66
1447860859,66
1447860860,66
1447860861,152
1447860862,66
1447860863,66
1447860864,66
1447860865,66
1447860866,152
1447860867,66
1447860868,132
1447860870,132
1447860871,86
1447860872,66
1447860873,66
1447860874,66
1447860875,66
1447860876,152
1447860877,66
1447860878,66
1447860879,66
1447860880,66
1447860881,152
1447860882,66
1447860883,66
1447860884,66
1447860885,66
1447860886,152
1447860887,66
1447860888,66
1447860889,66
1447860890,66
1447860891,152
1447860892,66
1447860893,66
1447860894,66
1447860895,66
1447860896,152
1447860897,66
1447860898,66
1447860899,66
1447860900,66
1447860901,152
1447860902,66
1447860903,66
1447860904,66
1447860905,66
1447860906,152
1447860907,66
1447860908,66
1447860909,66
1447860910,66
1447860911,152
1447860912,66
1447860913,66
1447860914,66
1447860915,66
1447860916,152
1447860917,66
1447860918,66
1447860919,66
1447860920,66
1447860921,152
1447860922,66
1447860923,66
1447860924,66
1447860925,66
1447860926,152
1447860927,66
1447860928,66
1447860929,66
1447860930,66
1447860931,152
1447860932,66
1447860933,66
1447860934,66
1447860935,66
1447860936,152
1447860937,336
1447860938,246
**************************payload****************************
1447860710,168
1447860711,420
1447860712,444
1447860713,396
1447860714,312
1447860715,120
1447860716,348
1447860717,156
1447860718,348
1447860719,192
1447860723,24
1447860724,120
1447860725,48
1447860726,240
1447860727,108
1447860730,240
1447860731,72
1447860732,288
1447860733,36
1447860734,252
1447860735,144
1447860736,204
1447860737,372
1447860739,96
1447860740,276
1447860742,60
1447860743,216
1447860744,180
1447860747,96
1447860748,168
1447860750,36
1447860752,228
1447860754,192
1447860755,312
1447860757,252
1447860758,60
1447860759,156
1447860761,132
1447860812,60975
1447860813,86915
1447860814,73264
1447860815,63591
1447860816,357369
1447860817,242360
1447860818,283240
1447860819,296251
1447860820,10220
1447860828,1460
1447860829,1460
1447860830,59860
1447860831,64045
1447860832,74460
1447860833,85918
1447860834,82463
1447860835,64584
1447860836,47466
1447860837,85126
1447860838,65700
1447860839,67198
