1	1442115476705	116.094849	39.753092	70	0.0
2	1442115476705	116.095281	39.752896	70	0.0
3	1442115476705	116.095452	39.752546	70	0.0
4	1442115476705	116.095202	39.752219	70	0.0
5	1442115476705	116.094741	39.752062	70	0.0
1	1442115477705	116.094855	39.75309	70	1.9961856
2	1442115477705	116.095284	39.752891	70	2.3175108
3	1442115477705	116.095447	39.752538	70	3.518136
4	1442115477705	116.095194	39.752216	70	2.7153972
5	1442115477705	116.094733	39.752062	70	2.5380828
1	1442115478705	116.094865	39.753086	70	3.5214984
2	1442115478705	116.095288	39.752886	70	2.2621356
3	1442115478705	116.095442	39.752531	70	3.1545
4	1442115478705	116.095186	39.752213	70	2.6185032
5	1442115478705	116.094726	39.752062	70	2.258784
1	1442115479705	116.094876	39.753082	70	3.5891352
2	1442115479705	116.095291	39.75288	70	2.3885928
3	1442115479705	116.095438	39.752525	70	2.7609048
4	1442115479705	116.095178	39.75221	70	2.7861984
5	1442115479705	116.094718	39.752062	70	2.5807032
1	1442115480705	116.094885	39.753079	70	3.1238712
2	1442115480705	116.095297	39.752873	70	3.4915356
3	1442115480705	116.095435	39.75252	70	2.0239488
4	1442115480705	116.09517	39.752207	70	3.0204648
5	1442115480705	116.09471	39.752062	70	2.3695092
1	1442115481705	116.094895	39.753075	70	3.5168436
2	1442115481705	116.0953	39.752867	70	2.6766612
3	1442115481705	116.095431	39.752513	70	3.0472848
4	1442115481705	116.095162	39.752204	70	2.4597432
5	1442115481705	116.094704	39.752062	70	1.909728
1	1442115482705	116.094901	39.753073	70	2.1162456
2	1442115482705	116.095303	39.752862	70	2.0022732
3	1442115482705	116.095427	39.752507	70	2.8861596
4	1442115482705	116.095155	39.752201	70	2.6202348
5	1442115482705	116.094693	39.752062	70	3.1739076
1	1442115483705	116.094912	39.753069	70	3.5416476
2	1442115483705	116.095308	39.752855	70	3.0568284
3	1442115483705	116.095424	39.752502	70	2.2238964
4	1442115483705	116.095145	39.752197	70	3.3136092
5	1442115483705	116.094687	39.752062	70	1.878138
1	1442115484705	116.094922	39.753065	70	3.5463204
2	1442115484705	116.095311	39.75285	70	2.366874
3	1442115484705	116.09542	39.752495	70	3.0036456
4	1442115484705	116.095136	39.752193	70	3.3671232
5	1442115484705	116.094676	39.752062	70	3.3743124
1	1442115485705	116.09493	39.753062	70	2.8595772
2	1442115485705	116.095314	39.752846	70	1.8638244
3	1442115485705	116.095415	39.752488	70	3.1246704
4	1442115485705	116.095126	39.75219	70	3.1983624
5	1442115485705	116.094666	39.752062	70	3.2976864
1	1442115486705	116.094938	39.753059	70	2.5711056
2	1442115486705	116.095319	39.752839	70	3.1655016
3	1442115486705	116.095412	39.752483	70	2.13894
4	1442115486705	116.095116	39.752186	70	3.4397604
5	1442115486705	116.094658	39.752061	70	2.3973732
1	1442115487705	116.094944	39.753057	70	2.311992
2	1442115487705	116.095323	39.752833	70	2.5267932
3	1442115487705	116.095409	39.752478	70	2.3551056
4	1442115487705	116.095111	39.752184	70	1.9169064
5	1442115487705	116.094652	39.752061	70	1.872108
1	1442115488705	116.094953	39.753053	70	3.0459852
2	1442115488705	116.095327	39.752827	70	2.7133704
3	1442115488705	116.095405	39.752472	70	2.5558776
4	1442115488705	116.095101	39.75218	70	3.29688
5	1442115488705	116.094646	39.752061	70	1.8811692
1	1442115489705	116.094963	39.75305	70	3.2699556
2	1442115489705	116.09533	39.752822	70	2.445048
3	1442115489705	116.0954	39.752465	70	3.3267024
4	1442115489705	116.095091	39.752176	70	3.5498916
5	1442115489705	116.094636	39.752061	70	3.0980844
1	1442115490705	116.09497	39.753047	70	2.615814
2	1442115490705	116.095333	39.752818	70	1.9294092
3	1442115490705	116.095395	39.752457	70	3.4794468
4	1442115490705	116.095082	39.752172	70	3.2778396
5	1442115490705	116.09463	39.752061	70	1.813914
1	1442115491705	116.094979	39.753043	70	3.0350484
2	1442115491705	116.095338	39.752811	70	2.9897748
3	1442115491705	116.095391	39.752449	70	3.4451676
4	1442115491705	116.095074	39.752169	70	2.5791336
5	1442115491705	116.094619	39.752061	70	3.227094
1	1442115492705	116.094989	39.75304	70	3.2748084
2	1442115492705	116.095343	39.752803	70	3.5156808
3	1442115492705	116.095386	39.752441	70	3.456
4	1442115492705	116.095068	39.752166	70	2.3006232
5	1442115492705	116.09461	39.752061	70	2.9666772
1	1442115493705	116.094998	39.753036	70	3.0779316
2	1442115493705	116.095348	39.752796	70	3.2177412
3	1442115493705	116.095382	39.752436	70	2.3783796
4	1442115493705	116.095059	39.752163	70	2.838204
5	1442115493705	116.094602	39.752061	70	2.4927912
1	1442115494705	116.095006	39.753033	70	2.89845
2	1442115494705	116.095351	39.75279	70	2.6769204
3	1442115494705	116.095379	39.752431	70	2.1140424
4	1442115494705	116.095052	39.75216	70	2.5469712
5	1442115494705	116.094592	39.752061	70	2.8490832
1	1442115495705	116.095015	39.75303	70	2.9426832
2	1442115495705	116.095354	39.752786	70	1.8417204
3	1442115495705	116.095374	39.752423	70	3.5570772
4	1442115495705	116.095043	39.752157	70	3.0550716
5	1442115495705	116.094581	39.752061	70	3.4115076
1	1442115496705	116.095021	39.753028	70	2.0240316
2	1442115496705	116.095358	39.75278	70	2.474586
3	1442115496705	116.095371	39.752419	70	1.9351692
4	1442115496705	116.095035	39.752154	70	2.713176
5	1442115496705	116.094572	39.752061	70	2.8348128
1	1442115497705	116.095028	39.753025	70	2.3206536
2	1442115497705	116.095362	39.752774	70	2.7796032
3	1442115497705	116.095369	39.752414	70	2.027106
4	1442115497705	116.095028	39.752151	70	2.5674264
5	1442115497705	116.094566	39.752061	70	1.8513252
1	1442115498705	116.095036	39.753022	70	3.066624
2	1442115498705	116.095366	39.752768	70	2.860056
3	1442115498705	116.095364	39.752408	70	2.9828304
4	1442115498705	116.095021	39.752148	70	2.3409324
5	1442115498705	116.094555	39.752061	70	3.4172532
1	1442115499705	116.095044	39.753019	70	2.7606132
2	1442115499705	116.09537	39.752762	70	2.4087276
3	1442115499705	116.095361	39.752403	70	2.1941964
4	1442115499705	116.095012	39.752145	70	3.0938292
5	1442115499705	116.094548	39.752061	70	2.3180076
1	1442115500705	116.095054	39.753015	70	3.3762636
2	1442115500705	116.095373	39.752757	70	2.3161032
3	1442115500705	116.095356	39.752395	70	3.3459192
4	1442115500705	116.095007	39.752142	70	2.0124036
5	1442115500705	116.094538	39.752061	70	2.9310984
1	1442115501705	116.095062	39.753012	70	2.7359604
2	1442115501705	116.095378	39.752749	70	3.5233308
3	1442115501705	116.095352	39.752389	70	2.8968084
4	1442115501705	116.095	39.75214	70	2.3844024
5	1442115501705	116.094532	39.752061	70	1.8392148
1	1442115502705	116.095068	39.75301	70	2.0781216
2	1442115502705	116.095383	39.752742	70	3.3235884
3	1442115502705	116.09535	39.752384	70	1.9720332
4	1442115502705	116.094991	39.752136	70	2.9797992
5	1442115502705	116.094524	39.75206	70	2.4060564
1	1442115503705	116.095077	39.753007	70	2.8244556
2	1442115503705	116.095387	39.752736	70	2.5396344
3	1442115503705	116.095345	39.752377	70	3.1008888
4	1442115503705	116.094983	39.752133	70	2.9169792
5	1442115503705	116.094517	39.75206	70	2.3744736
1	1442115504705	116.095084	39.753004	70	2.5331652
2	1442115504705	116.095391	39.752731	70	2.5679916
3	1442115504705	116.09534	39.752369	70	3.4148232
4	1442115504705	116.094977	39.75213	70	2.058192
5	1442115504705	116.094509	39.75206	70	2.4459804
1	1442115505705	116.09509	39.753002	70	2.12202
2	1442115505705	116.095394	39.752726	70	1.8993888
3	1442115505705	116.095337	39.752364	70	2.6113716
4	1442115505705	116.094966	39.752126	70	3.5736732
5	1442115505705	116.094503	39.75206	70	1.8342792
1	1442115506705	116.095096	39.753	70	2.0030256
2	1442115506705	116.095398	39.75272	70	2.7311544
3	1442115506705	116.095334	39.752359	70	1.9739448
4	1442115506705	116.094957	39.752123	70	3.2984928
5	1442115506705	116.094493	39.75206	70	2.9775024
1	1442115507705	116.095102	39.752997	70	2.1636792
2	1442115507705	116.095402	39.752714	70	2.7534852
3	1442115507705	116.09533	39.752352	70	2.9900592
4	1442115507705	116.094947	39.752118	70	3.5984592
5	1442115507705	116.094485	39.75206	70	2.4144696
1	1442115508705	116.095108	39.752995	70	1.9464696
2	1442115508705	116.095407	39.752706	70	3.5790012
3	1442115508705	116.095326	39.752346	70	2.724462
4	1442115508705	116.094941	39.752116	70	1.96353
5	1442115508705	116.094476	39.75206	70	2.858652
1	1442115509705	116.095118	39.752991	70	3.3941844
2	1442115509705	116.09541	39.752702	70	2.0676672
3	1442115509705	116.095323	39.752341	70	2.12517
4	1442115509705	116.094933	39.752113	70	2.891754
5	1442115509705	116.09447	39.75206	70	1.8058536
1	1442115510705	116.095126	39.752988	70	2.7226008
2	1442115510705	116.095413	39.752697	70	1.9148904
3	1442115510705	116.09532	39.752337	70	2.1887352
4	1442115510705	116.094925	39.75211	70	2.7668052
5	1442115510705	116.094463	39.75206	70	2.0813868
1	1442115511705	116.095135	39.752985	70	3.0009096
2	1442115511705	116.095418	39.75269	70	3.2264892
3	1442115511705	116.095315	39.752329	70	3.3239772
4	1442115511705	116.094916	39.752107	70	2.796246
5	1442115511705	116.094454	39.75206	70	3.0178332
1	1442115512705	116.095141	39.752982	70	2.2983444
2	1442115512705	116.095422	39.752684	70	2.79972
3	1442115512705	116.095311	39.752322	70	2.940282
4	1442115512705	116.09491	39.752104	70	2.1568572
5	1442115512705	116.094443	39.75206	70	3.3162912
1	1442115513705	116.095149	39.75298	70	2.5567848
2	1442115513705	116.095427	39.752676	70	3.3669072
3	1442115513705	116.095308	39.752318	70	2.1788604
4	1442115513705	116.0949	39.7521	70	3.3936048
5	1442115513705	116.094432	39.75206	70	3.4241328
1	1442115514705	116.095158	39.752976	70	3.1932396
2	1442115514705	116.095432	39.752669	70	3.1900572
3	1442115514705	116.095303	39.75231	70	3.248388
4	1442115514705	116.094895	39.752098	70	1.9447992
5	1442115514705	116.094422	39.75206	70	3.0224916
1	1442115515705	116.095167	39.752973	70	3.1490928
2	1442115515705	116.095435	39.752665	70	2.0686176
3	1442115515705	116.095299	39.752304	70	2.7615132
4	1442115515705	116.094885	39.752094	70	3.2570568
5	1442115515705	116.094412	39.75206	70	3.1708476
1	1442115516705	116.095173	39.752971	70	1.9067292
2	1442115516705	116.095439	39.752658	70	3.2028804
3	1442115516705	116.095296	39.7523	70	1.9475676
4	1442115516705	116.094878	39.752091	70	2.5765344
5	1442115516705	116.094405	39.75206	70	2.1725856
1	1442115517705	116.095181	39.752967	70	2.874024
2	1442115517705	116.095445	39.75265	70	3.4477488
3	1442115517705	116.095293	39.752294	70	2.5747524
4	1442115517705	116.094868	39.752087	70	3.537666
5	1442115517705	116.094397	39.752059	70	2.2507776
1	1442115518705	116.095188	39.752965	70	2.2660632
2	1442115518705	116.095448	39.752645	70	2.4010092
3	1442115518705	116.095288	39.752286	70	3.385026
4	1442115518705	116.09486	39.752084	70	2.7797292
5	1442115518705	116.094386	39.752059	70	3.5867988
1	1442115519705	116.095195	39.752962	70	2.540772
2	1442115519705	116.095453	39.752637	70	3.4468812
3	1442115519705	116.095284	39.75228	70	2.8255032
4	1442115519705	116.094854	39.752082	70	2.1728808
5	1442115519705	116.094378	39.752059	70	2.2697424
1	1442115520705	116.095202	39.752959	70	2.5118244
2	1442115520705	116.095458	39.75263	70	3.2569308
3	1442115520705	116.095281	39.752276	70	1.8318744
4	1442115520705	116.094845	39.752078	70	2.8900116
5	1442115520705	116.094367	39.752059	70	3.4025976
1	1442115521705	116.09521	39.752957	70	2.6490168
2	1442115521705	116.095463	39.752622	70	3.5790264
3	1442115521705	116.095278	39.75227	70	2.5574796
4	1442115521705	116.094836	39.752075	70	3.1853772
5	1442115521705	116.094359	39.752059	70	2.6177472
1	1442115522705	116.095216	39.752954	70	1.904274
2	1442115522705	116.095466	39.752617	70	1.9712592
3	1442115522705	116.095273	39.752263	70	3.2005368
4	1442115522705	116.09483	39.752073	70	1.951866
5	1442115522705	116.094349	39.75206	70	3.184218
1	1442115523705	116.095225	39.752951	70	3.2616144
2	1442115523705	116.095471	39.752611	70	2.9759004
3	1442115523705	116.095269	39.752256	70	3.1242744
4	1442115523705	116.094822	39.752069	70	2.7954756
5	1442115523705	116.094339	39.752062	70	3.0557592
1	1442115524705	116.095232	39.752948	70	2.2301784
2	1442115524705	116.095474	39.752606	70	2.1092004
3	1442115524705	116.095264	39.752249	70	3.0422196
4	1442115524705	116.094817	39.752067	70	1.912518
5	1442115524705	116.094331	39.752065	70	2.9420388
1	1442115525705	116.095242	39.752945	70	3.5760672
2	1442115525705	116.095478	39.752599	70	3.2189292
3	1442115525705	116.095259	39.752244	70	2.5640892
4	1442115525705	116.094806	39.752064	70	3.5118504
5	1442115525705	116.09432	39.752069	70	3.5432352
1	1442115526705	116.095251	39.752939	70	3.5432928
2	1442115526705	116.095479	39.752591	70	3.2364936
3	1442115526705	116.095252	39.752239	70	2.9827476
4	1442115526705	116.094797	39.752063	70	3.0874536
5	1442115526705	116.094315	39.752071	70	1.947096
1	1442115527705	116.095256	39.752934	70	2.619612
2	1442115527705	116.095477	39.752586	70	2.1690072
3	1442115527705	116.095244	39.752236	70	2.5495776
4	1442115527705	116.094788	39.752063	70	2.687526
5	1442115527705	116.094305	39.752075	70	3.52881
1	1442115528705	116.09526	39.752927	70	2.9071008
2	1442115528705	116.095473	39.75258	70	2.7377964
3	1442115528705	116.095238	39.752234	70	2.332458
4	1442115528705	116.094781	39.752062	70	2.1663144
5	1442115528705	116.094297	39.752078	70	2.7427464
1	1442115529705	116.095265	39.75292	70	3.2112432
2	1442115529705	116.095468	39.752572	70	3.323556
3	1442115529705	116.095232	39.752231	70	2.0019924
4	1442115529705	116.094771	39.752062	70	3.0717756
5	1442115529705	116.094288	39.752082	70	2.985516
1	1442115530705	116.095268	39.752916	70	1.9915128
2	1442115530705	116.095466	39.752568	70	1.809756
3	1442115530705	116.095225	39.752229	70	2.4244488
4	1442115530705	116.094761	39.752062	70	3.1652964
5	1442115530705	116.094279	39.752085	70	3.0256632
1	1442115531705	116.095273	39.752908	70	3.5800308
2	1442115531705	116.095463	39.752563	70	2.2691844
3	1442115531705	116.095215	39.752225	70	3.5126712
4	1442115531705	116.094754	39.752062	70	1.949724
5	1442115531705	116.094272	39.752088	70	2.4201072
1	1442115532705	116.095276	39.752903	70	2.1633156
2	1442115532705	116.095459	39.752558	70	2.267604
3	1442115532705	116.095209	39.752222	70	1.94589
4	1442115532705	116.094747	39.752062	70	2.2061844
5	1442115532705	116.094263	39.752091	70	2.9573352
1	1442115533705	116.095281	39.752896	70	3.2693256
2	1442115533705	116.095455	39.752551	70	2.88594
3	1442115533705	116.095202	39.752219	70	2.5623576
4	1442115533705	116.094738	39.752062	70	2.7567396
5	1442115533705	116.094253	39.752095	70	3.552084
1	1442115534705	116.095286	39.752889	70	3.1669344
2	1442115534705	116.095452	39.752547	70	1.933524
3	1442115534705	116.095196	39.752217	70	2.0822076
4	1442115534705	116.09473	39.752062	70	2.4300612
5	1442115534705	116.094245	39.752098	70	2.6469756
1	1442115535705	116.095289	39.752884	70	1.9780776
2	1442115535705	116.095448	39.75254	70	3.0544776
3	1442115535705	116.095188	39.752214	70	2.6886636
4	1442115535705	116.094721	39.752062	70	2.867742
5	1442115535705	116.094239	39.7521	70	1.9867248
1	1442115536705	116.095292	39.75288	70	1.8459864
2	1442115536705	116.095444	39.752533	70	3.0104424
3	1442115536705	116.095181	39.752211	70	2.352096
4	1442115536705	116.094713	39.752062	70	2.5732692
5	1442115536705	116.094234	39.752102	70	1.8825768
1	1442115537705	116.095296	39.752874	70	2.8300572
2	1442115537705	116.095439	39.752525	70	3.5704656
3	1442115537705	116.095175	39.752209	70	2.1780216
4	1442115537705	116.094705	39.752062	70	2.512296
5	1442115537705	116.094228	39.752104	70	1.9664604
1	1442115538705	116.095299	39.752869	70	2.0657484
2	1442115538705	116.095434	39.752518	70	3.458862
3	1442115538705	116.095169	39.752207	70	1.99674
4	1442115538705	116.094695	39.752062	70	3.0212244
5	1442115538705	116.094223	39.752106	70	1.8762228
1	1442115539705	116.095304	39.752862	70	3.3409296
2	1442115539705	116.095431	39.752513	70	2.060442
3	1442115539705	116.095159	39.752202	70	3.5858988
4	1442115539705	116.094689	39.752062	70	1.8201492
5	1442115539705	116.094214	39.752109	70	2.9719476
1	1442115540705	116.095308	39.752856	70	2.6273376
2	1442115540705	116.095426	39.752505	70	3.5224128
3	1442115540705	116.095149	39.752198	70	3.4864344
4	1442115540705	116.094679	39.752062	70	3.1510404
5	1442115540705	116.094204	39.752113	70	3.497688
1	1442115541705	116.095311	39.752851	70	2.2291776
2	1442115541705	116.095421	39.752498	70	3.2032152
3	1442115541705	116.095142	39.752196	70	2.331666
4	1442115541705	116.094672	39.752062	70	1.9937484
5	1442115541705	116.094197	39.752116	70	2.3711112
1	1442115542705	116.095315	39.752844	70	2.914848
2	1442115542705	116.095418	39.752492	70	2.377782
3	1442115542705	116.095135	39.752193	70	2.527146
4	1442115542705	116.094662	39.752062	70	3.1296204
5	1442115542705	116.094191	39.752118	70	1.9805148
1	1442115543705	116.09532	39.752837	70	3.3975216
2	1442115543705	116.095414	39.752486	70	2.677374
3	1442115543705	116.095125	39.752189	70	3.330972
4	1442115543705	116.094652	39.752061	70	3.1063176
5	1442115543705	116.094185	39.75212	70	2.131542
1	1442115544705	116.095325	39.752831	70	2.8388736
2	1442115544705	116.095411	39.752482	70	2.0933208
3	1442115544705	116.095115	39.752185	70	3.4520796
4	1442115544705	116.094641	39.752061	70	3.235086
5	1442115544705	116.094175	39.752124	70	3.4492392
1	1442115545705	116.095328	39.752825	70	2.6450208
2	1442115545705	116.095408	39.752477	70	2.0134404
3	1442115545705	116.09511	39.752183	70	1.8457524
4	1442115545705	116.09463	39.752061	70	3.4915248
5	1442115545705	116.094169	39.752126	70	1.9787832
1	1442115546705	116.095333	39.752818	70	3.1170348
2	1442115546705	116.095405	39.752473	70	2.0624076
3	1442115546705	116.095102	39.75218	70	2.6630532
4	1442115546705	116.094621	39.752061	70	2.9540052
5	1442115546705	116.094159	39.75213	70	3.3847812
1	1442115547705	116.095336	39.752814	70	1.852524
2	1442115547705	116.095403	39.752468	70	1.9163844
3	1442115547705	116.095093	39.752176	70	3.1732236
4	1442115547705	116.09461	39.752061	70	3.1900896
5	1442115547705	116.094151	39.752133	70	2.826432
1	1442115548705	116.09534	39.752808	70	2.668824
2	1442115548705	116.095399	39.752463	70	2.4561108
3	1442115548705	116.095087	39.752174	70	2.0590092
4	1442115548705	116.094604	39.752061	70	1.817424
5	1442115548705	116.094144	39.752136	70	2.513952
1	1442115549705	116.095343	39.752803	70	2.2813488
2	1442115549705	116.095396	39.752458	70	2.0317752
3	1442115549705	116.095077	39.75217	70	3.5907228
4	1442115549705	116.094596	39.752061	70	2.6275212
5	1442115549705	116.094137	39.752139	70	2.4911568
1	1442115550705	116.095348	39.752795	70	3.5742348
2	1442115550705	116.095393	39.752452	70	2.5736616
3	1442115550705	116.095071	39.752168	70	2.0787228
4	1442115550705	116.094585	39.752061	70	3.3364764
5	1442115550705	116.094128	39.752142	70	3.0076092
1	1442115551705	116.095353	39.752787	70	3.348486
2	1442115551705	116.095388	39.752444	70	3.52818
3	1442115551705	116.095064	39.752165	70	2.229606
4	1442115551705	116.094578	39.752061	70	2.1384396
5	1442115551705	116.094118	39.752146	70	3.3852708
1	1442115552705	116.095357	39.752782	70	2.3868684
2	1442115552705	116.095384	39.752439	70	2.4403644
3	1442115552705	116.095059	39.752163	70	1.8517968
4	1442115552705	116.094572	39.752061	70	1.8888732
5	1442115552705	116.094108	39.752149	70	3.5055864
1	1442115553705	116.09536	39.752777	70	2.136726
2	1442115553705	116.095381	39.752434	70	2.1813984
3	1442115553705	116.095051	39.75216	70	2.6484336
4	1442115553705	116.094562	39.752061	70	3.2233284
5	1442115553705	116.094101	39.752152	70	2.2487112
1	1442115554705	116.095364	39.752771	70	2.6202816
2	1442115554705	116.095377	39.752428	70	2.6582472
3	1442115554705	116.095043	39.752157	70	2.8306872
4	1442115554705	116.094553	39.752061	70	2.6657928
5	1442115554705	116.094093	39.752155	70	2.8364112
1	1442115555705	116.095369	39.752764	70	3.4515
2	1442115555705	116.095375	39.752424	70	1.8143244
3	1442115555705	116.095035	39.752153	70	2.8343088
4	1442115555705	116.094544	39.752061	70	2.6001072
5	1442115555705	116.094083	39.752159	70	3.329766
1	1442115556705	116.095374	39.752756	70	3.3694056
2	1442115556705	116.095372	39.75242	70	1.9176444
3	1442115556705	116.095025	39.75215	70	3.3845292
4	1442115556705	116.094538	39.752061	70	1.9307556
5	1442115556705	116.094074	39.752162	70	3.1336344
1	1442115557705	116.095377	39.752751	70	2.1407508
2	1442115557705	116.095368	39.752413	70	3.0685392
3	1442115557705	116.095016	39.752146	70	3.286494
4	1442115557705	116.094527	39.75206	70	3.4804188
5	1442115557705	116.094067	39.752165	70	2.4970356
1	1442115558705	116.095382	39.752744	70	3.1564584
2	1442115558705	116.095363	39.752405	70	3.2574132
3	1442115558705	116.09501	39.752144	70	2.0498184
4	1442115558705	116.094517	39.75206	70	3.0882024
5	1442115558705	116.094057	39.752168	70	3.4036056
1	1442115559705	116.095385	39.752739	70	2.313684
2	1442115559705	116.095359	39.752399	70	2.900214
3	1442115559705	116.095004	39.752141	70	2.0393064
4	1442115559705	116.094511	39.75206	70	1.9199088
5	1442115559705	116.094051	39.752171	70	1.8799236
1	1442115560705	116.09539	39.752733	70	2.8455336
2	1442115560705	116.095355	39.752393	70	2.3977296
3	1442115560705	116.094998	39.752139	70	1.93617
4	1442115560705	116.094504	39.75206	70	2.0289492
5	1442115560705	116.094043	39.752174	70	2.9992896
1	1442115561705	116.095394	39.752726	70	3.2501412
2	1442115561705	116.095351	39.752386	70	3.4519572
3	1442115561705	116.094991	39.752136	70	2.5886232
4	1442115561705	116.094498	39.75206	70	1.863954
5	1442115561705	116.094037	39.752176	70	1.94004
1	1442115562705	116.095399	39.752718	70	3.1806504
2	1442115562705	116.095348	39.752382	70	1.8280512
3	1442115562705	116.094984	39.752134	70	2.1955572
4	1442115562705	116.094489	39.75206	70	2.8385172
5	1442115562705	116.094028	39.752179	70	3.0773124
1	1442115563705	116.095403	39.752712	70	2.7220068
2	1442115563705	116.095344	39.752375	70	3.044826
3	1442115563705	116.094976	39.75213	70	2.8005768
4	1442115563705	116.094481	39.75206	70	2.5413516
5	1442115563705	116.094018	39.752183	70	3.308022
1	1442115564705	116.095407	39.752706	70	2.8822428
2	1442115564705	116.09534	39.752369	70	2.6615124
3	1442115564705	116.09497	39.752128	70	2.1457116
4	1442115564705	116.094472	39.75206	70	2.5308216
5	1442115564705	116.094009	39.752186	70	3.183048
1	1442115565705	116.095411	39.7527	70	2.6833176
2	1442115565705	116.095337	39.752364	70	2.2798656
3	1442115565705	116.094964	39.752126	70	2.0364264
4	1442115565705	116.094463	39.75206	70	2.9901132
5	1442115565705	116.094003	39.752189	70	2.0430828
1	1442115566705	116.095415	39.752694	70	2.5287444
2	1442115566705	116.095333	39.752358	70	2.6801712
3	1442115566705	116.094954	39.752121	70	3.5575632
4	1442115566705	116.094456	39.75206	70	2.1012624
5	1442115566705	116.093994	39.752192	70	3.242628
1	1442115567705	116.095419	39.752689	70	2.5904016
2	1442115567705	116.095328	39.75235	70	3.2620392
3	1442115567705	116.094948	39.752119	70	2.0834316
4	1442115567705	116.094446	39.75206	70	3.1091472
5	1442115567705	116.093986	39.752195	70	2.7829044
1	1442115568705	116.095423	39.752683	70	2.5609464
2	1442115568705	116.095323	39.752343	70	3.3520572
3	1442115568705	116.09494	39.752116	70	2.9612808
4	1442115568705	116.094438	39.75206	70	2.3561244
5	1442115568705	116.093978	39.752198	70	2.4479532
1	1442115569705	116.095426	39.752678	70	2.0227536
2	1442115569705	116.09532	39.752338	70	2.1248568
3	1442115569705	116.094932	39.752113	70	2.46294
4	1442115569705	116.094428	39.75206	70	3.2807412
5	1442115569705	116.093972	39.752201	70	2.3232708
1	1442115570705	116.095428	39.752674	70	1.871694
2	1442115570705	116.095318	39.752334	70	1.9526112
3	1442115570705	116.094923	39.752109	70	3.36915
4	1442115570705	116.09442	39.75206	70	2.3884236
5	1442115570705	116.093962	39.752204	70	3.470688
1	1442115571705	116.095432	39.752669	70	2.4877584
2	1442115571705	116.095313	39.752326	70	3.5673948
3	1442115571705	116.094916	39.752106	70	2.3345892
4	1442115571705	116.094414	39.75206	70	1.8971568
5	1442115571705	116.093955	39.752207	70	2.1290652
1	1442115572705	116.095436	39.752662	70	2.9215584
2	1442115572705	116.095309	39.75232	70	2.6141076
3	1442115572705	116.09491	39.752104	70	2.1300516
4	1442115572705	116.094408	39.75206	70	1.8342756
5	1442115572705	116.093949	39.752209	70	2.0370672
1	1442115573705	116.095439	39.752658	70	1.8326808
2	1442115573705	116.095304	39.752312	70	3.2327892
3	1442115573705	116.0949	39.7521	70	3.5444304
4	1442115573705	116.0944	39.752059	70	2.3492952
5	1442115573705	116.093944	39.752211	70	1.9635588
1	1442115574705	116.095444	39.752651	70	3.3128028
2	1442115574705	116.095301	39.752308	70	2.0193444
3	1442115574705	116.094893	39.752097	70	2.1114504
4	1442115574705	116.094392	39.752059	70	2.404098
5	1442115574705	116.093934	39.752215	70	3.3186168
1	1442115575705	116.095449	39.752643	70	3.5415684
2	1442115575705	116.095299	39.752303	70	1.9935072
3	1442115575705	116.094885	39.752094	70	2.8833768
4	1442115575705	116.094384	39.752059	70	2.4317028
5	1442115575705	116.093926	39.752218	70	2.6808444
1	1442115576705	116.095453	39.752638	70	2.2408704
2	1442115576705	116.095295	39.752298	70	2.3108184
3	1442115576705	116.094875	39.75209	70	3.3660432
4	1442115576705	116.094374	39.752059	70	3.3611436
5	1442115576705	116.093916	39.752222	70	3.5580096
1	1442115577705	116.095458	39.75263	70	3.4038324
2	1442115577705	116.095292	39.752293	70	2.4928632
3	1442115577705	116.094869	39.752088	70	2.2553496
4	1442115577705	116.094365	39.752059	70	2.7517644
5	1442115577705	116.093911	39.752224	70	1.8141876
1	1442115578705	116.095461	39.752625	70	2.5576848
2	1442115578705	116.095287	39.752285	70	3.3453
3	1442115578705	116.094862	39.752085	70	2.3220684
4	1442115578705	116.094354	39.752059	70	3.1714092
5	1442115578705	116.093902	39.752227	70	2.9295972
1	1442115579705	116.095466	39.752618	70	2.8746936
2	1442115579705	116.095284	39.75228	70	2.2178412
3	1442115579705	116.094856	39.752082	70	2.3330052
4	1442115579705	116.094345	39.75206	70	2.7896256
5	1442115579705	116.093892	39.752231	70	3.5778816
1	1442115580705	116.095469	39.752613	70	2.511378
2	1442115580705	116.09528	39.752274	70	2.7837072
3	1442115580705	116.094846	39.752079	70	3.3423444
4	1442115580705	116.094336	39.752063	70	3.2038488
5	1442115580705	116.093885	39.752237	70	3.114234
1	1442115581705	116.095474	39.752605	70	3.4188552
2	1442115581705	116.095277	39.752269	70	2.2988628
3	1442115581705	116.094839	39.752076	70	2.279556
4	1442115581705	116.094331	39.752066	70	1.8657792
5	1442115581705	116.09388	39.752244	70	3.3351732
1	1442115582705	116.095479	39.752598	70	3.2185476
2	1442115582705	116.095273	39.752263	70	2.3420988
3	1442115582705	116.09483	39.752072	70	3.2168412
4	1442115582705	116.094325	39.752068	70	1.8320076
5	1442115582705	116.093876	39.75225	70	2.725866
1	1442115583705	116.095479	39.75259	70	3.2869296
2	1442115583705	116.09527	39.752257	70	2.6519328
3	1442115583705	116.094821	39.752069	70	3.1736448
4	1442115583705	116.094319	39.75207	70	2.2490928
5	1442115583705	116.093872	39.752256	70	2.616156
1	1442115584705	116.095474	39.752582	70	3.45708
2	1442115584705	116.095266	39.752252	70	2.579508
3	1442115584705	116.094813	39.752066	70	2.6063892
4	1442115584705	116.094313	39.752072	70	2.0527596
5	1442115584705	116.093869	39.752261	70	2.3631444
1	1442115585705	116.09547	39.752575	70	2.9969496
2	1442115585705	116.095262	39.752246	70	2.5572348
3	1442115585705	116.094805	39.752063	70	2.841408
4	1442115585705	116.094305	39.752075	70	2.7659556
5	1442115585705	116.093864	39.752269	70	3.2754672
1	1442115586705	116.095466	39.752569	70	2.573154
2	1442115586705	116.095255	39.752241	70	3.0484224
3	1442115586705	116.094798	39.752063	70	2.2754268
4	1442115586705	116.094295	39.752079	70	3.3465636
5	1442115586705	116.09386	39.752274	70	2.4688764
1	1442115587705	116.095464	39.752565	70	1.9202868
2	1442115587705	116.095249	39.752238	70	1.958994
3	1442115587705	116.094789	39.752063	70	2.6874108
4	1442115587705	116.094288	39.752081	70	2.2657788
5	1442115587705	116.093856	39.752281	70	2.8741536
1	1442115588705	116.095461	39.75256	70	2.1617424
2	1442115588705	116.095241	39.752235	70	2.9159136
3	1442115588705	116.09478	39.752062	70	2.734902
4	1442115588705	116.094279	39.752085	70	3.035502
5	1442115588705	116.093852	39.752287	70	2.7492552
1	1442115589705	116.095456	39.752553	70	2.9536776
2	1442115589705	116.095233	39.752232	70	2.586366
3	1442115589705	116.094774	39.752062	70	1.8683424
4	1442115589705	116.094273	39.752087	70	2.2335948
5	1442115589705	116.093847	39.752295	70	3.5022888
1	1442115590705	116.095452	39.752547	70	2.9189736
2	1442115590705	116.095227	39.752229	70	2.2604112
3	1442115590705	116.094762	39.752062	70	3.5570448
4	1442115590705	116.094265	39.75209	70	2.6553276
5	1442115590705	116.093844	39.752299	70	1.8306792
1	1442115591705	116.095448	39.752541	70	2.6836596
2	1442115591705	116.095218	39.752226	70	3.0743568
3	1442115591705	116.094752	39.752062	70	3.060108
4	1442115591705	116.094259	39.752093	70	2.2194792
5	1442115591705	116.093841	39.752303	70	2.0398068
1	1442115592705	116.095444	39.752534	70	2.8447992
2	1442115592705	116.095208	39.752222	70	3.3938892
3	1442115592705	116.094742	39.752062	70	3.1586436
4	1442115592705	116.09425	39.752096	70	3.099366
5	1442115592705	116.093838	39.752308	70	2.1674376
1	1442115593705	116.095442	39.75253	70	1.9410408
2	1442115593705	116.095203	39.75222	70	1.9026036
3	1442115593705	116.094735	39.752062	70	2.3390028
4	1442115593705	116.094244	39.752098	70	1.8169992
5	1442115593705	116.093835	39.752312	70	1.962324
1	1442115594705	116.095439	39.752526	70	1.8185544
2	1442115594705	116.095194	39.752216	70	2.9940084
3	1442115594705	116.094726	39.752062	70	2.5926552
4	1442115594705	116.094238	39.7521	70	2.1606948
5	1442115594705	116.093832	39.752317	70	1.9694448
1	1442115595705	116.095436	39.752522	70	1.8959436
2	1442115595705	116.095188	39.752214	70	2.048742
3	1442115595705	116.094715	39.752062	70	3.5548164
4	1442115595705	116.094233	39.752102	70	1.8677556
5	1442115595705	116.093828	39.752323	70	2.7018396
1	1442115596705	116.095431	39.752514	70	3.48003
2	1442115596705	116.095179	39.75221	70	3.2108616
3	1442115596705	116.094709	39.752062	70	1.901592
4	1442115596705	116.094223	39.752106	70	3.3675732
5	1442115596705	116.093823	39.752331	70	3.5651664
1	1442115597705	116.095427	39.752506	70	3.4205076
2	1442115597705	116.095172	39.752208	70	2.3959764
3	1442115597705	116.094697	39.752062	70	3.5563644
4	1442115597705	116.094214	39.752109	70	2.9620764
5	1442115597705	116.093819	39.752336	70	2.5733988
1	1442115598705	116.095422	39.752499	70	2.9297304
2	1442115598705	116.095166	39.752206	70	1.893834
3	1442115598705	116.09469	39.752062	70	2.1844188
4	1442115598705	116.094206	39.752112	70	2.8215936
5	1442115598705	116.093814	39.752343	70	3.1151736
1	1442115599705	116.095419	39.752495	70	2.177874
2	1442115599705	116.095157	39.752202	70	3.1620024
3	1442115599705	116.094679	39.752062	70	3.500514
4	1442115599705	116.094199	39.752115	70	2.3716908
5	1442115599705	116.09381	39.752351	70	3.214944
1	1442115600705	116.095416	39.75249	70	2.007504
2	1442115600705	116.09515	39.752199	70	2.4279156
3	1442115600705	116.094672	39.752062	70	2.1428388
4	1442115600705	116.094191	39.752118	70	2.7428544
5	1442115600705	116.093806	39.752356	70	2.5129656
1	1442115601705	116.095413	39.752485	70	2.110932
2	1442115601705	116.095145	39.752197	70	2.0265264
3	1442115601705	116.094666	39.752062	70	1.8379152
4	1442115601705	116.094183	39.752121	70	2.9213604
5	1442115601705	116.093801	39.752363	70	3.0391956
1	1442115602705	116.095409	39.752478	70	3.2079924
2	1442115602705	116.095138	39.752194	70	2.1325608
3	1442115602705	116.094655	39.752061	70	3.3526728
4	1442115602705	116.094174	39.752124	70	2.8607904
5	1442115602705	116.093798	39.752368	70	2.2065012
1	1442115603705	116.095406	39.752473	70	2.2871844
2	1442115603705	116.095129	39.752191	70	3.2050476
3	1442115603705	116.094649	39.752061	70	1.93203
4	1442115603705	116.094168	39.752127	70	2.018628
5	1442115603705	116.093794	39.752373	70	2.5174044
1	1442115604705	116.095402	39.752468	70	2.2914288
2	1442115604705	116.095121	39.752188	70	2.649114
3	1442115604705	116.094643	39.752061	70	1.8392184
4	1442115604705	116.094159	39.75213	70	3.3030216
5	1442115604705	116.09379	39.75238	70	2.9347452
1	1442115605705	116.095398	39.752461	70	2.9470608
2	1442115605705	116.095112	39.752184	70	3.362238
3	1442115605705	116.094635	39.752061	70	2.301012
4	1442115605705	116.094152	39.752133	70	2.359368
5	1442115605705	116.093786	39.752387	70	3.0031812
1	1442115606705	116.095393	39.752453	70	3.4679124
2	1442115606705	116.095106	39.752181	70	2.1115188
3	1442115606705	116.094625	39.752061	70	2.9803572
4	1442115606705	116.094144	39.752136	70	2.5310556
5	1442115606705	116.093782	39.752391	70	2.1486924
1	1442115607705	116.09539	39.752447	70	2.63619
2	1442115607705	116.095097	39.752178	70	2.8807452
3	1442115607705	116.094615	39.752061	70	3.1445784
4	1442115607705	116.094134	39.752139	70	3.4511184
5	1442115607705	116.093777	39.752399	70	3.3107328
1	1442115608705	116.095385	39.75244	70	3.5291772
2	1442115608705	116.095091	39.752176	70	2.04228
3	1442115608705	116.094607	39.752061	70	2.6363124
4	1442115608705	116.094126	39.752142	70	2.8605312
5	1442115608705	116.093775	39.752403	70	1.8279432
1	1442115609705	116.09538	39.752432	70	3.49182
2	1442115609705	116.095083	39.752173	70	2.8631196
3	1442115609705	116.094601	39.752061	70	1.9163952
4	1442115609705	116.09412	39.752145	70	2.044962
5	1442115609705	116.093772	39.752407	70	2.0805588
1	1442115610705	116.095377	39.752427	70	2.0590524
2	1442115610705	116.095075	39.752169	70	2.8674756
3	1442115610705	116.094593	39.752061	70	2.2056624
4	1442115610705	116.09411	39.752148	70	3.3564168
5	1442115610705	116.093768	39.752413	70	2.368314
1	1442115611705	116.095374	39.752422	70	2.1624732
2	1442115611705	116.095065	39.752166	70	3.2830812
3	1442115611705	116.094585	39.752061	70	2.4816384
4	1442115611705	116.0941	39.752152	70	3.4636536
5	1442115611705	116.093764	39.752419	70	2.9786148
1	1442115612705	116.09537	39.752416	70	2.5436232
2	1442115612705	116.095059	39.752163	70	2.269602
3	1442115612705	116.094574	39.752061	70	3.4764624
4	1442115612705	116.094091	39.752156	70	3.1611348
5	1442115612705	116.09376	39.752425	70	2.7354456
1	1442115613705	116.095365	39.752409	70	3.2125176
2	1442115613705	116.095049	39.752159	70	3.3810336
3	1442115613705	116.094565	39.752061	70	2.6815068
4	1442115613705	116.094083	39.752159	70	2.798694
5	1442115613705	116.093755	39.752432	70	2.9530332
1	1442115614705	116.095362	39.752404	70	2.1830616
2	1442115614705	116.095041	39.752156	70	2.6906508
3	1442115614705	116.094557	39.752061	70	2.6075556
4	1442115614705	116.094077	39.752161	70	1.8927792
5	1442115614705	116.093753	39.752436	70	1.847934
1	1442115615705	116.095359	39.752398	70	2.6550396
2	1442115615705	116.095033	39.752153	70	2.8935936
3	1442115615705	116.094549	39.752061	70	2.5907832
4	1442115615705	116.094068	39.752164	70	3.1267944
5	1442115615705	116.093748	39.752443	70	3.1873212
1	1442115616705	116.095355	39.752392	70	2.7091296
2	1442115616705	116.095025	39.752149	70	2.8448856
3	1442115616705	116.09454	39.752061	70	2.6756208
4	1442115616705	116.094061	39.752167	70	2.4587316
5	1442115616705	116.093745	39.752448	70	2.243484
1	1442115617705	116.095352	39.752388	70	1.8209484
2	1442115617705	116.095017	39.752146	70	2.7378612
3	1442115617705	116.094533	39.752061	70	2.2034016
4	1442115617705	116.094051	39.752171	70	3.5173404
5	1442115617705	116.09374	39.752456	70	3.3158448
1	1442115618705	116.095349	39.752383	70	2.491272
2	1442115618705	116.095011	39.752144	70	2.097666
3	1442115618705	116.094522	39.75206	70	3.2907276
4	1442115618705	116.094042	39.752174	70	2.9549376
5	1442115618705	116.093736	39.752461	70	2.4837192
1	1442115619705	116.095345	39.752376	70	2.792808
2	1442115619705	116.095003	39.752141	70	2.9006784
3	1442115619705	116.094513	39.75206	70	2.7508716
4	1442115619705	116.094032	39.752178	70	3.4494984
5	1442115619705	116.093733	39.752466	70	2.1038508
1	1442115620705	116.095342	39.752372	70	2.0859804
2	1442115620705	116.094992	39.752137	70	3.4805592
3	1442115620705	116.094507	39.75206	70	1.9060992
4	1442115620705	116.094024	39.752181	70	2.742354
5	1442115620705	116.093729	39.752472	70	2.5741296
1	1442115621705	116.095338	39.752365	70	2.7945756
2	1442115621705	116.094987	39.752134	70	1.915272
3	1442115621705	116.094498	39.75206	70	2.6516556
4	1442115621705	116.094015	39.752184	70	3.27321
5	1442115621705	116.093726	39.752476	70	2.2057452
1	1442115622705	116.095333	39.752358	70	3.2926356
2	1442115622705	116.094979	39.752131	70	2.7458892
3	1442115622705	116.094492	39.75206	70	1.8586872
4	1442115622705	116.094008	39.752187	70	2.1222036
5	1442115622705	116.093721	39.752484	70	3.4590852
1	1442115623705	116.095329	39.752351	70	2.96748
2	1442115623705	116.094971	39.752128	70	2.8251072
3	1442115623705	116.094483	39.75206	70	2.8641492
4	1442115623705	116.093999	39.75219	70	3.1692348
5	1442115623705	116.093716	39.752492	70	3.4777836
1	1442115624705	116.095324	39.752344	70	3.2901084
2	1442115624705	116.094965	39.752126	70	2.2013712
3	1442115624705	116.094477	39.75206	70	1.938906
4	1442115624705	116.093989	39.752194	70	3.5829108
5	1442115624705	116.093712	39.752498	70	2.5164792
1	1442115625705	116.09532	39.752337	70	3.1043052
2	1442115625705	116.094956	39.752122	70	2.831076
3	1442115625705	116.094468	39.75206	70	2.72637
4	1442115625705	116.093982	39.752197	70	2.3960304
5	1442115625705	116.093707	39.752504	70	2.9761884
1	1442115626705	116.095315	39.752329	70	3.5074692
2	1442115626705	116.094951	39.75212	70	1.8983484
3	1442115626705	116.094458	39.75206	70	3.0968928
4	1442115626705	116.093972	39.7522	70	3.393666
5	1442115626705	116.093703	39.752511	70	3.1582908
1	1442115627705	116.095312	39.752324	70	2.0022552
2	1442115627705	116.094945	39.752118	70	2.1163032
3	1442115627705	116.094451	39.75206	70	2.1602808
4	1442115627705	116.093962	39.752204	70	3.26853
5	1442115627705	116.093699	39.752517	70	2.4310908
1	1442115628705	116.095309	39.75232	70	2.0384784
2	1442115628705	116.094936	39.752114	70	2.9590956
3	1442115628705	116.094442	39.75206	70	2.6556012
4	1442115628705	116.093955	39.752207	70	2.6763012
5	1442115628705	116.093695	39.752523	70	2.9023128
1	1442115629705	116.095305	39.752313	70	3.0565476
2	1442115629705	116.094927	39.752111	70	3.343842
3	1442115629705	116.094435	39.75206	70	2.1174336
4	1442115629705	116.093944	39.752211	70	3.4876764
5	1442115629705	116.093692	39.752527	70	1.9333584
1	1442115630705	116.095301	39.752307	70	2.8312884
2	1442115630705	116.094917	39.752107	70	3.4307064
3	1442115630705	116.094429	39.75206	70	1.9416708
4	1442115630705	116.093938	39.752213	70	2.3364108
5	1442115630705	116.093689	39.752532	70	2.2532904
1	1442115631705	116.095297	39.752301	70	2.354292
2	1442115631705	116.094908	39.752103	70	3.0585888
3	1442115631705	116.094422	39.75206	70	2.1675168
4	1442115631705	116.093929	39.752216	70	2.817432
5	1442115631705	116.093685	39.752538	70	2.6651988
1	1442115632705	116.095294	39.752297	70	1.9894212
2	1442115632705	116.094901	39.7521	70	2.512728
3	1442115632705	116.094415	39.75206	70	2.1995208
4	1442115632705	116.09392	39.75222	70	3.07035
5	1442115632705	116.093681	39.752543	70	2.1736728
1	1442115633705	116.095291	39.752292	70	2.19807
2	1442115633705	116.094893	39.752097	70	2.5512048
3	1442115633705	116.094404	39.75206	70	3.3031656
4	1442115633705	116.093911	39.752223	70	3.2755428
5	1442115633705	116.093677	39.75255	70	3.2885892
1	1442115634705	116.095287	39.752285	70	2.9643624
2	1442115634705	116.094884	39.752094	70	3.0938256
3	1442115634705	116.094393	39.752059	70	3.500028
4	1442115634705	116.093905	39.752226	70	2.1316284
5	1442115634705	116.093673	39.752557	70	2.770488
1	1442115635705	116.095282	39.752277	70	3.4544916
2	1442115635705	116.094878	39.752091	70	2.256228
3	1442115635705	116.094384	39.752059	70	2.6760456
4	1442115635705	116.093898	39.752228	70	2.2161888
5	1442115635705	116.093667	39.752564	70	3.4116732
1	1442115636705	116.095279	39.752273	70	2.189682
2	1442115636705	116.094868	39.752088	70	3.26835
3	1442115636705	116.094373	39.752059	70	3.5930196
4	1442115636705	116.093892	39.752231	70	2.2005468
5	1442115636705	116.093665	39.752568	70	1.8690372
1	1442115637705	116.095275	39.752266	70	2.8012644
2	1442115637705	116.09486	39.752084	70	2.753568
3	1442115637705	116.094361	39.752059	70	3.5899812
4	1442115637705	116.093887	39.752235	70	2.3730876
5	1442115637705	116.093661	39.752575	70	3.0090096
1	1442115638705	116.095272	39.752262	70	2.057814
2	1442115638705	116.094851	39.752081	70	3.2970276
3	1442115638705	116.094352	39.752059	70	2.788758
4	1442115638705	116.093882	39.752241	70	2.7350712
5	1442115638705	116.09366	39.752582	70	2.8947744
1	1442115639705	116.095269	39.752256	70	2.530044
2	1442115639705	116.094844	39.752078	70	2.2559436
3	1442115639705	116.094345	39.75206	70	2.1034188
4	1442115639705	116.093877	39.752248	70	3.1861548
5	1442115639705	116.093664	39.75259	70	3.364794
1	1442115640705	116.095264	39.752248	70	3.4504884
2	1442115640705	116.094839	39.752076	70	1.85031
3	1442115640705	116.094336	39.752063	70	3.0619224
4	1442115640705	116.093874	39.752254	70	2.526264
5	1442115640705	116.093667	39.752595	70	2.1987864
1	1442115641705	116.095256	39.752241	70	3.5840484
2	1442115641705	116.09483	39.752072	70	3.272076
3	1442115641705	116.094329	39.752066	70	2.4386112
4	1442115641705	116.093869	39.752261	70	3.4128288
5	1442115641705	116.093671	39.752601	70	2.6793288
1	1442115642705	116.095246	39.752237	70	3.5932176
2	1442115642705	116.094823	39.75207	70	2.3251968
3	1442115642705	116.094323	39.752068	70	1.9638
4	1442115642705	116.093866	39.752266	70	2.048976
5	1442115642705	116.093675	39.752607	70	2.767536
1	1442115643705	116.09524	39.752234	70	2.2031136
2	1442115643705	116.094816	39.752067	70	2.3262984
3	1442115643705	116.094316	39.752071	70	2.4022656
4	1442115643705	116.093862	39.752272	70	2.5293996
5	1442115643705	116.093679	39.752613	70	2.5973496
1	1442115644705	116.095229	39.75223	70	3.5908128
2	1442115644705	116.094809	39.752064	70	2.4772608
3	1442115644705	116.094309	39.752074	70	2.4243768
4	1442115644705	116.093857	39.752279	70	3.2520564
5	1442115644705	116.093682	39.752618	70	2.3464116
1	1442115645705	116.095221	39.752227	70	2.8416852
2	1442115645705	116.094801	39.752063	70	2.4555348
3	1442115645705	116.094301	39.752077	70	2.8324692
4	1442115645705	116.093854	39.752283	70	2.0644092
5	1442115645705	116.093685	39.752624	70	2.3744232
1	1442115646705	116.095214	39.752224	70	2.4458688
2	1442115646705	116.094793	39.752063	70	2.5583832
3	1442115646705	116.094292	39.75208	70	3.2725116
4	1442115646705	116.093851	39.752289	70	2.265732
5	1442115646705	116.093689	39.75263	70	2.8414404
1	1442115647705	116.095205	39.752221	70	3.2345496
2	1442115647705	116.094784	39.752062	70	2.840418
3	1442115647705	116.094283	39.752083	70	2.8367424
4	1442115647705	116.093847	39.752294	70	2.5458084
5	1442115647705	116.093694	39.752637	70	3.043008
1	1442115648705	116.095196	39.752217	70	3.076074
2	1442115648705	116.094774	39.752062	70	3.0889296
3	1442115648705	116.094275	39.752086	70	2.8879092
4	1442115648705	116.093843	39.7523	70	2.5167672
5	1442115648705	116.093696	39.752641	70	1.8470952
1	1442115649705	116.095187	39.752214	70	2.9202876
2	1442115649705	116.094764	39.752062	70	3.1005252
3	1442115649705	116.094264	39.75209	70	3.5682588
4	1442115649705	116.09384	39.752305	70	2.151108
5	1442115649705	116.0937	39.752647	70	2.5863948
1	1442115650705	116.095181	39.752211	70	2.318814
2	1442115650705	116.094756	39.752062	70	2.2915548
3	1442115650705	116.094256	39.752093	70	2.8044036
4	1442115650705	116.093837	39.752309	70	1.8879048
5	1442115650705	116.093705	39.752655	70	3.366954
1	1442115651705	116.095173	39.752208	70	2.5818768
2	1442115651705	116.09475	39.752062	70	1.8432756
3	1442115651705	116.094246	39.752097	70	3.5346816
4	1442115651705	116.093832	39.752316	70	3.3216084
5	1442115651705	116.093708	39.75266	70	2.4348564
1	1442115652705	116.095164	39.752205	70	3.0270708
2	1442115652705	116.094743	39.752062	70	2.241612
3	1442115652705	116.094237	39.752101	70	2.9190996
4	1442115652705	116.093829	39.752321	70	1.95075
5	1442115652705	116.093713	39.752668	70	3.4841376
1	1442115653705	116.095157	39.752202	70	2.5027992
2	1442115653705	116.094736	39.752062	70	2.2824828
3	1442115653705	116.09423	39.752104	70	2.7219564
4	1442115653705	116.093826	39.752326	70	2.5557804
5	1442115653705	116.093718	39.752675	70	3.3645384
1	1442115654705	116.095149	39.752199	70	2.8378944
2	1442115654705	116.094729	39.752062	70	2.15028
3	1442115654705	116.094221	39.752107	70	2.8493352
4	1442115654705	116.093822	39.752332	70	2.548008
5	1442115654705	116.093723	39.752683	70	3.3809976
1	1442115655705	116.095142	39.752196	70	2.2680288
2	1442115655705	116.094719	39.752062	70	2.8807128
3	1442115655705	116.094214	39.752109	70	2.354832
4	1442115655705	116.093818	39.752338	70	2.6347464
5	1442115655705	116.093726	39.752689	70	2.41875
1	1442115656705	116.095134	39.752193	70	2.9198772
2	1442115656705	116.094708	39.752062	70	3.3839208
3	1442115656705	116.094208	39.752111	70	2.0260368
4	1442115656705	116.093814	39.752344	70	2.7035676
5	1442115656705	116.093731	39.752696	70	3.3807132
1	1442115657705	116.095126	39.752189	70	2.9117952
2	1442115657705	116.094697	39.752062	70	3.512844
3	1442115657705	116.094199	39.752115	70	3.3727608
4	1442115657705	116.093809	39.752351	70	3.2298552
5	1442115657705	116.093735	39.752702	70	2.82717
1	1442115658705	116.095118	39.752186	70	2.5808364
2	1442115658705	116.094688	39.752062	70	2.9572704
3	1442115658705	116.094193	39.752117	70	1.8313704
4	1442115658705	116.093805	39.752357	70	2.6534196
5	1442115658705	116.093739	39.752708	70	2.5854336
1	1442115659705	116.09511	39.752183	70	2.990358
2	1442115659705	116.094677	39.752062	70	3.089862
3	1442115659705	116.094185	39.75212	70	2.81673
4	1442115659705	116.093801	39.752363	70	2.8521828
5	1442115659705	116.093742	39.752713	70	2.1473172
1	1442115660705	116.095101	39.75218	70	3.0784284
2	1442115660705	116.094671	39.752062	70	1.9575612
3	1442115660705	116.094179	39.752122	70	1.9955808
4	1442115660705	116.093797	39.752369	70	2.4130476
5	1442115660705	116.093747	39.752721	70	3.5045532
1	1442115661705	116.095095	39.752177	70	1.8594216
2	1442115661705	116.09466	39.752062	70	3.4520652
3	1442115661705	116.094169	39.752126	70	3.4684596
4	1442115661705	116.093792	39.752377	70	3.5838072
5	1442115661705	116.093751	39.752728	70	3.196494
1	1442115662705	116.095089	39.752175	70	2.1772152
2	1442115662705	116.094652	39.752061	70	2.584062
3	1442115662705	116.09416	39.75213	70	3.0227436
4	1442115662705	116.093787	39.752384	70	3.3868512
5	1442115662705	116.093756	39.752736	70	3.3444144
1	1442115663705	116.095079	39.752171	70	3.568626
2	1442115663705	116.094642	39.752061	70	2.8900404
3	1442115663705	116.094155	39.752132	70	1.9442412
4	1442115663705	116.093784	39.752389	70	2.3193468
5	1442115663705	116.093759	39.75274	70	2.085084
1	1442115664705	116.095073	39.752168	70	2.0423016
2	1442115664705	116.094636	39.752061	70	1.9814652
3	1442115664705	116.094146	39.752135	70	2.9102112
4	1442115664705	116.09378	39.752395	70	2.629404
5	1442115664705	116.093763	39.752747	70	3.0801996
1	1442115665705	116.095067	39.752166	70	2.1601152
2	1442115665705	116.094626	39.752061	70	3.169512
3	1442115665705	116.09414	39.752137	70	2.15154
4	1442115665705	116.093775	39.752403	70	3.3393636
5	1442115665705	116.093768	39.752754	70	2.8705932
1	1442115666705	116.095061	39.752164	70	2.0935692
2	1442115666705	116.094617	39.752061	70	2.7808704
3	1442115666705	116.094131	39.752141	70	3.2392512
4	1442115666705	116.093772	39.752407	70	2.0634948
5	1442115666705	116.093771	39.752759	70	2.3679684
1	1442115667705	116.095054	39.752161	70	2.2788468
2	1442115667705	116.094609	39.752061	70	2.4608736
3	1442115667705	116.094121	39.752144	70	3.3598728
4	1442115667705	116.093767	39.752415	70	3.5617104
5	1442115667705	116.093774	39.752763	70	1.8353232
1	1442115668705	116.095047	39.752158	70	2.5596612
2	1442115668705	116.0946	39.752061	70	2.7236664
3	1442115668705	116.094113	39.752147	70	2.6847216
4	1442115668705	116.093762	39.752422	70	2.947266
5	1442115668705	116.093778	39.752771	70	3.256182
1	1442115669705	116.095038	39.752155	70	2.836494
2	1442115669705	116.094591	39.752061	70	2.7447804
3	1442115669705	116.094103	39.752151	70	3.5184024
4	1442115669705	116.093759	39.752427	70	2.4335892
5	1442115669705	116.093781	39.752775	70	2.1920832
1	1442115670705	116.095033	39.752153	70	2.0068956
2	1442115670705	116.094579	39.752061	70	3.4896528
3	1442115670705	116.094097	39.752153	70	1.9762632
4	1442115670705	116.093754	39.752435	70	3.3881688
5	1442115670705	116.093786	39.752783	70	3.4421868
1	1442115671705	116.095026	39.75215	70	2.3331024
2	1442115671705	116.094568	39.752061	70	3.52035
3	1442115671705	116.09409	39.752156	70	2.5178112
4	1442115671705	116.09375	39.75244	70	2.380644
5	1442115671705	116.093789	39.752788	70	2.099358
1	1442115672705	116.095016	39.752146	70	3.409794
2	1442115672705	116.09456	39.752061	70	2.5236072
3	1442115672705	116.094079	39.75216	70	3.5821296
4	1442115672705	116.093747	39.752444	70	1.9394424
5	1442115672705	116.093794	39.752796	70	3.5696664
1	1442115673705	116.095011	39.752144	70	1.9131624
2	1442115673705	116.094553	39.752061	70	2.2448016
3	1442115673705	116.094072	39.752163	70	2.4830424
4	1442115673705	116.093742	39.752452	70	3.5021268
5	1442115673705	116.093797	39.752801	70	2.2624128
1	1442115674705	116.095001	39.75214	70	3.452346
2	1442115674705	116.094545	39.752061	70	2.4289452
3	1442115674705	116.094066	39.752165	70	2.1685608
4	1442115674705	116.093737	39.752459	70	3.2930136
5	1442115674705	116.0938	39.752805	70	1.8267912
1	1442115675705	116.094992	39.752136	70	2.984976
2	1442115675705	116.094535	39.752061	70	2.87676
3	1442115675705	116.094056	39.752169	70	3.3914916
4	1442115675705	116.093732	39.752467	70	3.2065236
5	1442115675705	116.093804	39.752811	70	2.608758
1	1442115676705	116.094985	39.752134	70	2.388006
2	1442115676705	116.094529	39.75206	70	1.8642708
3	1442115676705	116.094046	39.752173	70	3.2810508
4	1442115676705	116.093728	39.752474	70	3.284064
5	1442115676705	116.093807	39.752816	70	2.2447224
1	1442115677705	116.094976	39.75213	70	3.005532
2	1442115677705	116.094523	39.75206	70	1.933416
3	1442115677705	116.094037	39.752176	70	3.101022
4	1442115677705	116.093723	39.75248	70	2.814246
5	1442115677705	116.09381	39.752821	70	2.2681512
1	1442115678705	116.094969	39.752127	70	2.6572968
2	1442115678705	116.094514	39.75206	70	2.719332
3	1442115678705	116.094028	39.752179	70	3.1868496
4	1442115678705	116.093719	39.752487	70	3.139704
5	1442115678705	116.093813	39.752826	70	2.2201236
1	1442115679705	116.09496	39.752124	70	3.217374
2	1442115679705	116.094504	39.75206	70	3.1039848
3	1442115679705	116.094018	39.752183	70	3.3174072
4	1442115679705	116.093715	39.752493	70	2.7299952
5	1442115679705	116.093818	39.752833	70	3.2462136
1	1442115680705	116.094952	39.752121	70	2.5038648
2	1442115680705	116.094498	39.75206	70	1.870164
3	1442115680705	116.094013	39.752185	70	1.9184256
4	1442115680705	116.093711	39.752498	70	2.2009968
5	1442115680705	116.093822	39.752839	70	2.5359984
1	1442115681705	116.094946	39.752118	70	2.0890656
2	1442115681705	116.09449	39.75206	70	2.5234452
3	1442115681705	116.094004	39.752188	70	2.9126628
4	1442115681705	116.093706	39.752506	70	3.4125444
5	1442115681705	116.093825	39.752845	70	2.5949304
1	1442115682705	116.094937	39.752115	70	3.1566312
2	1442115682705	116.09448	39.75206	70	3.063384
3	1442115682705	116.093995	39.752192	70	3.0123972
4	1442115682705	116.093702	39.752512	70	2.7407844
5	1442115682705	116.09383	39.752853	70	3.3863184
1	1442115683705	116.09493	39.752112	70	2.3498748
2	1442115683705	116.09447	39.75206	70	3.2315688
3	1442115683705	116.093985	39.752196	70	3.4926408
4	1442115683705	116.093698	39.752518	70	2.738142
5	1442115683705	116.093833	39.752857	70	1.8088632
1	1442115684705	116.094921	39.752108	70	3.162582
2	1442115684705	116.09446	39.75206	70	3.0476484
3	1442115684705	116.093978	39.752198	70	2.3680944
4	1442115684705	116.093695	39.752522	70	2.0085696
5	1442115684705	116.093836	39.752862	70	2.3646816
1	1442115685705	116.094911	39.752104	70	3.5947224
2	1442115685705	116.094452	39.75206	70	2.3274504
3	1442115685705	116.093971	39.752201	70	2.4520248
4	1442115685705	116.093691	39.752528	70	2.6063424
5	1442115685705	116.093839	39.752867	70	2.16513
1	1442115686705	116.094903	39.752101	70	2.6642844
2	1442115686705	116.094443	39.75206	70	2.8831824
3	1442115686705	116.093963	39.752204	70	2.7126576
4	1442115686705	116.093688	39.752533	70	2.3975784
5	1442115686705	116.093842	39.752872	70	2.44638
1	1442115687705	116.094896	39.752099	70	2.3684508
2	1442115687705	116.094432	39.75206	70	3.4241328
3	1442115687705	116.093957	39.752206	70	1.9543428
4	1442115687705	116.093684	39.752539	70	2.3833116
5	1442115687705	116.093845	39.752877	70	2.053584
1	1442115688705	116.09489	39.752096	70	2.068164
2	1442115688705	116.094421	39.75206	70	3.2335164
3	1442115688705	116.093951	39.752208	70	2.3311008
4	1442115688705	116.093681	39.752544	70	2.5373556
5	1442115688705	116.093849	39.752883	70	2.6803512
1	1442115689705	116.094882	39.752093	70	2.9595384
2	1442115689705	116.094413	39.75206	70	2.5560684
3	1442115689705	116.093944	39.752211	70	2.253276
4	1442115689705	116.093678	39.752549	70	1.9472112
5	1442115689705	116.093853	39.752889	70	2.610882
1	1442115690705	116.094872	39.752089	70	3.4142688
2	1442115690705	116.094401	39.752059	70	3.5992548
3	1442115690705	116.093939	39.752213	70	1.8895356
4	1442115690705	116.093675	39.752554	70	2.149434
5	1442115690705	116.093856	39.752894	70	2.3201532
1	1442115691705	116.094866	39.752087	70	2.0154132
2	1442115691705	116.09439	39.752059	70	3.534246
3	1442115691705	116.093931	39.752216	70	2.7316656
4	1442115691705	116.093671	39.752559	70	2.5753608
5	1442115691705	116.093861	39.752902	70	3.5512668
1	1442115692705	116.094858	39.752083	70	2.913372
2	1442115692705	116.094379	39.752059	70	3.4968204
3	1442115692705	116.093923	39.752219	70	2.5017912
4	1442115692705	116.093667	39.752566	70	2.8656972
5	1442115692705	116.093865	39.752909	70	2.9043288
1	1442115693705	116.094852	39.752081	70	1.9144944
2	1442115693705	116.094372	39.752059	70	2.0937024
3	1442115693705	116.093916	39.752222	70	2.5352604
4	1442115693705	116.093664	39.75257	70	1.881162
5	1442115693705	116.093869	39.752915	70	2.7042804
1	1442115694705	116.094845	39.752078	70	2.4502536
2	1442115694705	116.094365	39.752059	70	2.050704
3	1442115694705	116.093907	39.752225	70	2.9058408
4	1442115694705	116.09366	39.752577	70	3.0122244
5	1442115694705	116.093874	39.752923	70	3.4621416
1	1442115695705	116.094836	39.752075	70	3.038112
2	1442115695705	116.094358	39.752059	70	2.221794
3	1442115695705	116.0939	39.752228	70	2.696958
4	1442115695705	116.093661	39.752584	70	2.8575468
5	1442115695705	116.093879	39.752928	70	2.670768
1	1442115696705	116.094831	39.752073	70	1.8003852
2	1442115696705	116.094351	39.752059	70	2.0401416
3	1442115696705	116.093894	39.75223	70	1.8059004
4	1442115696705	116.093663	39.752588	70	1.939788
5	1442115696705	116.093886	39.752933	70	2.9090988
1	1442115697705	116.094821	39.752069	70	3.5435304
2	1442115697705	116.094345	39.75206	70	2.0526552
3	1442115697705	116.093887	39.752235	70	3.121002
4	1442115697705	116.093666	39.752593	70	2.070558
5	1442115697705	116.093892	39.752936	70	2.1698856
1	1442115698705	116.094814	39.752066	70	2.492694
2	1442115698705	116.094338	39.752063	70	2.1398832
3	1442115698705	116.093882	39.752242	70	3.0471732
4	1442115698705	116.093669	39.752598	70	2.423862
5	1442115698705	116.093902	39.752939	70	3.364992
1	1442115699705	116.094808	39.752064	70	1.9396764
2	1442115699705	116.094329	39.752066	70	3.3963876
3	1442115699705	116.093877	39.752249	70	3.2693364
4	1442115699705	116.093672	39.752603	70	1.872306
5	1442115699705	116.093909	39.752942	70	2.3605416
1	1442115700705	116.094802	39.752063	70	1.9516896
2	1442115700705	116.094322	39.752069	70	2.2379292
3	1442115700705	116.093872	39.752257	70	3.4474068
4	1442115700705	116.093677	39.75261	70	3.2196744
5	1442115700705	116.093916	39.752945	70	2.5295184
1	1442115701705	116.094796	39.752063	70	1.8589968
2	1442115701705	116.094314	39.752072	70	2.639214
3	1442115701705	116.093867	39.752264	70	3.4144524
4	1442115701705	116.093681	39.752617	70	3.1673484
5	1442115701705	116.093926	39.752949	70	3.3841764
1	1442115702705	116.09479	39.752063	70	1.982322
2	1442115702705	116.094308	39.752074	70	2.0883996
3	1442115702705	116.093863	39.75227	70	2.6541792
4	1442115702705	116.093686	39.752624	70	3.220992
5	1442115702705	116.093931	39.752951	70	1.9325052
1	1442115703705	116.094779	39.752062	70	3.2913828
2	1442115703705	116.094302	39.752076	70	2.3246028
3	1442115703705	116.09386	39.752275	70	2.1069216
4	1442115703705	116.09369	39.752631	70	3.175416
5	1442115703705	116.093938	39.752954	70	2.420064
1	1442115704705	116.094768	39.752062	70	3.3794388
2	1442115704705	116.094295	39.752079	70	2.094696
3	1442115704705	116.093855	39.752281	70	2.980782
4	1442115704705	116.093695	39.752639	70	3.4621992
5	1442115704705	116.093944	39.752956	70	2.2019616
1	1442115705705	116.09476	39.752062	70	2.3124564
2	1442115705705	116.094289	39.752081	70	2.0421288
3	1442115705705	116.09385	39.752289	70	3.557052
4	1442115705705	116.0937	39.752647	70	3.3037308
5	1442115705705	116.09395	39.752959	70	1.95588
1	1442115706705	116.094752	39.752062	70	2.743524
2	1442115706705	116.09428	39.752084	70	3.1517712
3	1442115706705	116.093847	39.752295	70	2.4718032
4	1442115706705	116.093703	39.752651	70	1.8823788
5	1442115706705	116.093955	39.752961	70	1.8438516
1	1442115707705	116.094745	39.752062	70	1.8866952
2	1442115707705	116.094271	39.752088	70	3.1292172
3	1442115707705	116.093842	39.752301	70	2.7773604
4	1442115707705	116.093706	39.752657	70	2.6764668
5	1442115707705	116.093963	39.752964	70	2.6858844
1	1442115708705	116.094737	39.752062	70	2.7252504
2	1442115708705	116.094262	39.752091	70	3.1684392
3	1442115708705	116.093838	39.752307	70	2.9187648
4	1442115708705	116.09371	39.752663	70	2.888478
5	1442115708705	116.093971	39.752967	70	2.5466508
1	1442115709705	116.094728	39.752062	70	2.5651692
2	1442115709705	116.094252	39.752095	70	3.334896
3	1442115709705	116.093834	39.752313	70	2.6717472
4	1442115709705	116.093713	39.752668	70	2.0225952
5	1442115709705	116.093977	39.752969	70	2.3044464
1	1442115710705	116.094718	39.752062	70	3.0720312
2	1442115710705	116.094245	39.752098	70	2.5205616
3	1442115710705	116.093829	39.752321	70	3.36159
4	1442115710705	116.093718	39.752675	70	3.1955112
5	1442115710705	116.093984	39.752972	70	2.408904
1	1442115711705	116.094712	39.752062	70	2.0398932
2	1442115711705	116.094235	39.752101	70	3.2615676
3	1442115711705	116.093826	39.752326	70	2.2438116
4	1442115711705	116.093722	39.752682	70	2.9583504
5	1442115711705	116.093991	39.752975	70	2.3630868
1	1442115712705	116.094705	39.752062	70	2.049138
2	1442115712705	116.094228	39.752104	70	2.6417916
3	1442115712705	116.093821	39.752333	70	3.064968
4	1442115712705	116.093726	39.752688	70	2.8091124
5	1442115712705	116.093999	39.752978	70	2.6240148
1	1442115713705	116.094697	39.752062	70	2.3851764
2	1442115713705	116.094221	39.752107	70	2.2285476
3	1442115713705	116.093818	39.752337	70	1.9567044
4	1442115713705	116.093731	39.752695	70	3.2642208
5	1442115713705	116.094004	39.75298	70	2.0591532
1	1442115714705	116.094688	39.752062	70	2.761794
2	1442115714705	116.094211	39.752111	70	3.5860572
3	1442115714705	116.093814	39.752344	70	3.3060924
4	1442115714705	116.093734	39.752701	70	2.6390988
5	1442115714705	116.094011	39.752983	70	2.161224
1	1442115715705	116.094677	39.752062	70	3.5032428
2	1442115715705	116.094205	39.752113	70	1.9192032
3	1442115715705	116.093809	39.752351	70	2.8746216
4	1442115715705	116.093737	39.752706	70	2.13507
5	1442115715705	116.094018	39.752985	70	2.5042608
1	1442115716705	116.09467	39.752062	70	2.1283344
2	1442115716705	116.094197	39.752116	70	2.9456604
3	1442115716705	116.093805	39.752357	70	2.8100088
4	1442115716705	116.09374	39.752711	70	2.07621
5	1442115716705	116.094027	39.752989	70	3.2767308
1	1442115717705	116.094659	39.752062	70	3.4975728
2	1442115717705	116.094187	39.752119	70	3.2130684
3	1442115717705	116.093801	39.752363	70	2.5407972
4	1442115717705	116.093744	39.752717	70	2.7180108
5	1442115717705	116.094034	39.752992	70	2.4263964
1	1442115718705	116.094651	39.752061	70	2.4193368
2	1442115718705	116.094177	39.752123	70	3.5312724
3	1442115718705	116.093797	39.752369	70	2.8954944
4	1442115718705	116.093749	39.752724	70	3.166272
5	1442115718705	116.094044	39.752996	70	3.26565
1	1442115719705	116.094641	39.752061	70	2.947464
2	1442115719705	116.09417	39.752126	70	2.4813684
3	1442115719705	116.093793	39.752376	70	3.0053988
4	1442115719705	116.093752	39.752729	70	2.254374
5	1442115719705	116.094053	39.752999	70	3.176604
1	1442115720705	116.09463	39.752061	70	3.4827696
2	1442115720705	116.094162	39.752129	70	2.706066
3	1442115720705	116.093788	39.752383	70	3.292776
4	1442115720705	116.093756	39.752735	70	2.7995148
5	1442115720705	116.094061	39.753003	70	2.9390184
1	1442115721705	116.094624	39.752061	70	1.8129528
2	1442115721705	116.094152	39.752133	70	3.2089608
3	1442115721705	116.093784	39.752388	70	2.2476456
4	1442115721705	116.093759	39.75274	70	2.1530268
5	1442115721705	116.09407	39.753006	70	2.8940832
1	1442115722705	116.094615	39.752061	70	2.8837044
2	1442115722705	116.094142	39.752136	70	3.5415972
3	1442115722705	116.093781	39.752393	70	2.333124
4	1442115722705	116.093763	39.752746	70	2.505744
5	1442115722705	116.094077	39.753009	70	2.6031276
1	1442115723705	116.094606	39.752061	70	2.7719568
2	1442115723705	116.094136	39.752139	70	2.2095612
3	1442115723705	116.093776	39.752401	70	3.2677632
4	1442115723705	116.093766	39.752752	70	2.5234524
5	1442115723705	116.094085	39.753012	70	2.59749
1	1442115724705	116.0946	39.752061	70	1.8156672
2	1442115724705	116.094125	39.752143	70	3.5698608
3	1442115724705	116.093772	39.752407	70	2.8411488
4	1442115724705	116.093771	39.752759	70	3.3054588
5	1442115724705	116.09409	39.753014	70	1.8814212
1	1442115725705	116.094592	39.752061	70	2.4687504
2	1442115725705	116.094117	39.752146	70	2.965482
3	1442115725705	116.093768	39.752412	70	2.4220008
4	1442115725705	116.093774	39.752764	70	2.3513256
5	1442115725705	116.0941	39.753018	70	3.2663268
1	1442115726705	116.094585	39.752061	70	2.0267244
2	1442115726705	116.094108	39.752149	70	2.9275092
3	1442115726705	116.093765	39.752418	70	2.369538
4	1442115726705	116.093779	39.752772	70	3.3087456
5	1442115726705	116.094108	39.753021	70	2.7598356
1	1442115727705	116.094579	39.752061	70	1.9298952
2	1442115727705	116.094101	39.752152	70	2.5210368
3	1442115727705	116.093762	39.752422	70	2.1438468
4	1442115727705	116.093782	39.752777	70	2.5105536
5	1442115727705	116.094113	39.753023	70	2.0053332
1	1442115728705	116.094573	39.752061	70	1.9634328
2	1442115728705	116.094094	39.752154	70	2.2749012
3	1442115728705	116.093757	39.75243	70	3.1851108
4	1442115728705	116.093785	39.752782	70	1.8419292
5	1442115728705	116.094123	39.753027	70	3.4269192
1	1442115729705	116.094562	39.752061	70	3.4612668
2	1442115729705	116.094085	39.752158	70	3.2887296
3	1442115729705	116.093753	39.752436	70	2.866932
4	1442115729705	116.093789	39.752788	70	2.8904364
5	1442115729705	116.094134	39.753031	70	3.546864
1	1442115730705	116.094551	39.752061	70	3.2799024
2	1442115730705	116.094078	39.75216	70	2.1190464
3	1442115730705	116.093749	39.752441	70	2.4760512
4	1442115730705	116.093793	39.752795	70	2.9829168
5	1442115730705	116.094141	39.753034	70	2.568348
1	1442115731705	116.094542	39.752061	70	2.8053036
2	1442115731705	116.094068	39.752164	70	3.57984
3	1442115731705	116.093745	39.752448	70	2.8837476
4	1442115731705	116.093797	39.7528	70	2.2761396
5	1442115731705	116.09415	39.753038	70	3.1674636
1	1442115732705	116.094533	39.752061	70	2.7087156
2	1442115732705	116.09406	39.752167	70	2.810268
3	1442115732705	116.093741	39.752453	70	2.4901488
4	1442115732705	116.0938	39.752804	70	2.0517624
5	1442115732705	116.094156	39.75304	70	1.9556388
1	1442115733705	116.094524	39.75206	70	2.7207576
2	1442115733705	116.094053	39.75217	70	2.3914728
3	1442115733705	116.093737	39.75246	70	3.1202316
4	1442115733705	116.093802	39.752809	70	1.894968
5	1442115733705	116.094163	39.753043	70	2.5547328
1	1442115734705	116.094514	39.75206	70	3.1616244
2	1442115734705	116.094045	39.752173	70	2.5439004
3	1442115734705	116.093734	39.752465	70	1.9985112
4	1442115734705	116.093806	39.752815	70	2.8058544
5	1442115734705	116.094169	39.753045	70	1.9637568
1	1442115735705	116.094506	39.75206	70	2.3628996
2	1442115735705	116.094038	39.752175	70	2.3734908
3	1442115735705	116.093729	39.752471	70	2.8864836
4	1442115735705	116.093811	39.752822	70	3.3045948
5	1442115735705	116.094174	39.753047	70	1.8532044
1	1442115736705	116.094497	39.75206	70	2.9015028
2	1442115736705	116.094031	39.752178	70	2.5420968
3	1442115736705	116.093725	39.752478	70	2.8776276
4	1442115736705	116.093815	39.752829	70	2.9788128
5	1442115736705	116.094181	39.75305	70	2.4794208
1	1442115737705	116.094486	39.75206	70	3.4068816
2	1442115737705	116.094021	39.752182	70	3.523284
3	1442115737705	116.09372	39.752485	70	3.3590484
4	1442115737705	116.093818	39.752834	70	2.0197188
5	1442115737705	116.094189	39.753053	70	2.707002
1	1442115738705	116.094477	39.75206	70	2.7562896
2	1442115738705	116.094011	39.752186	70	3.2994216
3	1442115738705	116.093717	39.75249	70	2.2706136
4	1442115738705	116.093821	39.752839	70	2.3958468
5	1442115738705	116.094199	39.753057	70	3.4238988
1	1442115739705	116.094466	39.75206	70	3.294792
2	1442115739705	116.094005	39.752188	70	1.9449648
3	1442115739705	116.093712	39.752497	70	2.9616084
4	1442115739705	116.093825	39.752845	70	2.4792012
5	1442115739705	116.094207	39.75306	70	2.6845164
1	1442115740705	116.094458	39.75206	70	2.4872724
2	1442115740705	116.093999	39.75219	70	2.2502232
3	1442115740705	116.093708	39.752503	70	2.7405648
4	1442115740705	116.093829	39.752852	70	3.0830292
5	1442115740705	116.094215	39.753063	70	2.95245
1	1442115741705	116.094447	39.75206	70	3.5834436
2	1442115741705	116.093989	39.752194	70	3.4670592
3	1442115741705	116.093703	39.752511	70	3.54618
4	1442115741705	116.093832	39.752856	70	2.1136608
5	1442115741705	116.094224	39.753067	70	2.9362932
1	1442115742705	116.09444	39.75206	70	2.1780972
2	1442115742705	116.093983	39.752196	70	2.0061612
3	1442115742705	116.0937	39.752515	70	1.9715904
4	1442115742705	116.093836	39.752862	70	2.4331212
5	1442115742705	116.094231	39.75307	70	2.591658
1	1442115743705	116.094433	39.75206	70	2.1681288
2	1442115743705	116.093977	39.752198	70	1.988442
3	1442115743705	116.093697	39.75252	70	2.2619988
4	1442115743705	116.09384	39.752868	70	2.7809496
5	1442115743705	116.094239	39.753073	70	2.694618
1	1442115744705	116.094427	39.75206	70	1.8698436
2	1442115744705	116.093967	39.752202	70	3.4278228
3	1442115744705	116.093693	39.752525	70	2.3320296
4	1442115744705	116.093844	39.752875	70	2.9154276
5	1442115744705	116.094248	39.753077	70	3.315888
1	1442115745705	116.094416	39.75206	70	3.23946
2	1442115745705	116.093957	39.752206	70	3.4679196
3	1442115745705	116.093688	39.752533	70	3.3873804
4	1442115745705	116.093848	39.752881	70	2.6960076
5	1442115745705	116.094256	39.75308	70	2.5192188
1	1442115746705	116.094408	39.75206	70	2.5134552
2	1442115746705	116.09395	39.752209	70	2.2925268
3	1442115746705	116.093684	39.752539	70	2.6229132
4	1442115746705	116.093853	39.752888	70	3.428874
5	1442115746705	116.094263	39.753083	70	2.6830692
1	1442115747705	116.094399	39.752059	70	2.8244988
2	1442115747705	116.093943	39.752211	70	2.3999868
3	1442115747705	116.09368	39.752546	70	3.1500684
4	1442115747705	116.093856	39.752894	70	2.6109504
5	1442115747705	116.094272	39.753086	70	2.9511468
1	1442115748705	116.094388	39.752059	70	3.1532148
2	1442115748705	116.093937	39.752214	70	2.3113224
3	1442115748705	116.093675	39.752553	70	3.059946
4	1442115748705	116.093861	39.752901	70	2.9734704
5	1442115748705	116.09428	39.753089	70	2.93922
1	1442115749705	116.094381	39.752059	70	2.344842
2	1442115749705	116.093929	39.752217	70	2.6317044
3	1442115749705	116.093671	39.75256	70	3.099636
4	1442115749705	116.093865	39.752909	70	3.3618132
5	1442115749705	116.094291	39.753093	70	3.5098704
1	1442115750705	116.094373	39.752059	70	2.5396308
2	1442115750705	116.093919	39.75222	70	3.5032176
3	1442115750705	116.093667	39.752565	70	2.6812908
4	1442115750705	116.093868	39.752913	70	2.1071844
5	1442115750705	116.094301	39.753097	70	3.44997
1	1442115751705	116.094363	39.752059	70	3.1085028
2	1442115751705	116.093909	39.752224	70	3.25584
4	1442115751705	116.093872	39.752918	70	2.2950756
5	1442115751705	116.094309	39.753101	70	3.0413664
2	1442115752705	116.093899	39.752228	70	3.3718932
4	1442115752705	116.093875	39.752924	70	2.4488676
5	1442115752705	116.094318	39.753104	70	2.862108
5	1442115753705	116.094325	39.753107	70	2.6492724
