**************************overload****************************
1447858343,152
1447858344,66
1447858345,66
1447858346,66
1447858347,66
1447858348,152
1447858349,66
1447858350,66
1447858351,66
1447858352,66
1447858353,152
1447858354,66
1447858355,66
1447858356,66
1447858357,66
1447858358,152
1447858359,66
1447858360,66
1447858361,66
1447858362,66
1447858363,152
1447858364,66
1447858365,66
1447858366,66
1447858367,66
1447858368,152
1447858369,66
1447858370,66
1447858371,66
1447858372,66
1447858373,152
1447858374,66
1447858375,66
1447858376,66
1447858377,66
1447858378,152
1447858379,1416
1447858380,2982
1447858381,1092
1447858382,714
1447858383,1718
1447858384,2010
1447858385,2442
1447858386,66
1447858387,66
1447858388,66
1447858389,242
1447858390,516
1447858391,966
1447858392,246
1447858393,3324
1447858394,1358
1447858395,606
1447858396,246
1447858397,156
1447858398,156
1447858399,152
1447858400,246
1447858401,516
1447858402,156
1447858403,876
1447858404,1628
1447858405,1218
1447858406,606
1447858407,1470
1447858408,1110
1447858409,1506
1447858410,1448
1447858411,912
1447858412,1236
1447858413,1020
1447858414,1200
1447858415,462
1447858416,1308
1447858417,1182
1447858418,908
1447858419,1326
1447858420,1398
1447858421,1200
1447858422,1020
1447858423,1614
1447858424,1344
1447858425,1890
1447858426,1250
1447858427,390
1447858428,1290
1447858429,1362
1447858430,2316
1447858431,3392
1447858432,3846
1447858433,156
1447858434,966
1447858435,3576
1447858436,66
1447858437,246
1447858438,66
1447858439,156
1447858440,66
1447858441,332
1447858442,156
1447858443,66
1447858444,156
1447858445,156
1447858446,242
1447858447,66
1447858448,246
1447858449,66
1447858450,156
1447858451,152
1447858452,246
1447858453,156
1447858454,66
1447858455,66
1447858456,332
1447858457,156
1447858458,66
1447858459,156
1447858460,156
1447858461,242
1447858462,66
1447858463,246
1447858464,66
1447858465,156
1447858466,66
1447858467,246
1447858468,156
1447858469,66
1447858470,156
1447858471,242
1447858472,156
1447858473,66
1447858474,246
1447858475,66
1447858476,242
1447858477,66
1447858478,2424
1447858479,3198
1447858480,3252
1447858481,3144
1447858482,2928
1447858483,3198
1447858484,3284
1447858485,3252
1447858486,3198
1447858487,2874
1447858488,3252
1447858489,3770
1447858490,2658
1447858491,1578
1447858492,66
1447858493,66
1447858494,2204
1447858495,3252
1447858496,3036
1447858497,5022
1447858498,10272
1447858499,8316
1447858500,54
1447858501,54
1447858503,152
1447858504,120
1447858505,66
1447858506,66
1447858507,7788
1447858508,66
1447858509,152
1447858510,66
1447858511,174
1447858512,3090
1447858513,3252
1447858514,3122
1447858515,2928
1447858516,3414
1447858517,3402
1447858518,1416
1447858519,152
1447858520,66
1447858521,66
1447858522,66
1447858523,66
1447858524,152
1447858525,66
1447858526,66
1447858527,66
1447858528,66
1447858529,152
1447858530,66
1447858531,66
1447858532,66
1447858533,66
1447858534,152
1447858535,66
1447858536,66
1447858537,66
1447858538,66
1447858539,152
1447858540,66
1447858541,66
1447858542,66
1447858543,66
1447858544,152
1447858545,66
1447858546,66
1447858547,66
1447858548,66
1447858549,152
1447858550,66
1447858551,66
1447858552,66
1447858553,66
1447858554,152
1447858555,66
1447858556,66
1447858557,66
1447858558,66
1447858559,152
1447858560,66
1447858561,66
1447858562,66
1447858563,66
1447858564,152
1447858565,66
1447858566,66
1447858567,66
1447858568,66
1447858569,152
1447858570,66
1447858571,66
1447858572,66
1447858573,66
1447858574,152
1447858575,66
1447858576,66
1447858577,66
1447858578,66
1447858579,152
1447858580,66
1447858581,66
1447858582,66
1447858583,66
1447858584,66
1447858585,66
1447858586,66
1447858587,66
1447858588,66
1447858589,152
1447858590,66
1447858591,66
1447858592,66
1447858593,66
1447858594,152
1447858595,66
1447858596,66
1447858597,450
**************************payload****************************
1447858379,354
1447858380,648
1447858381,48
1447858382,144
1447858383,180
1447858384,432
1447858385,348
1447858393,576
1447858394,168
1447858403,236
1447858404,288
1447858405,216
1447858406,120
1447858407,312
1447858408,192
1447858409,300
1447858410,288
1447858411,168
1447858412,240
1447858413,192
1447858414,252
1447858415,48
1447858416,276
1447858417,228
1447858418,168
1447858419,240
1447858420,276
1447858421,252
1447858422,192
1447858423,324
1447858424,264
1447858425,420
1447858426,204
1447858427,72
1447858428,252
1447858429,288
1447858430,120
1447858478,55346
1447858479,73365
1447858480,71296
1447858481,69613
1447858482,64892
1447858483,69836
1447858484,69836
1447858485,72533
1447858486,72943
1447858487,66328
1447858488,71296
1447858489,86687
1447858490,58765
1447858491,34788
1447858494,38006
1447858495,72744
1447858496,66693
1447858497,133064
1447858498,272105
1447858499,223901
1447858500,1460
1447858501,1460
1447858504,1460
1447858507,208780
1447858511,2920
1447858512,81760
1447858513,86140
1447858514,79262
1447858515,77380
1447858516,90520
1447858517,91192
1447858518,36440
