**************************overload****************************
1447858345,66
1447858346,66
1447858347,66
1447858348,66
1447858349,152
1447858350,66
1447858351,66
1447858352,66
1447858353,66
1447858354,152
1447858355,66
1447858356,66
1447858357,66
1447858358,66
1447858359,152
1447858360,66
1447858361,66
1447858362,66
1447858363,66
1447858364,152
1447858365,66
1447858366,66
1447858367,66
1447858368,66
1447858369,66
1447858370,66
1447858371,66
1447858372,66
1447858373,66
1447858374,152
1447858375,66
1447858376,66
1447858377,66
1447858378,66
1447858379,2496
1447858380,9396
1447858382,1524
1447858383,1686
1447858384,6458
1447858385,7182
1447858389,86
1447858390,1272
1447858391,602
1447858392,544
1447858393,10476
1447858394,4082
1447858399,786
1447858400,586
1447858401,300
1447858402,368
1447858403,1034
1447858404,2208
1447858405,2034
1447858406,1990
1447858407,2064
1447858408,2064
1447858409,2276
1447858410,2106
1447858411,1884
1447858412,2082
1447858413,2064
1447858414,2046
1447858415,2678
1447858416,1596
1447858417,2046
1447858418,2442
1447858419,2010
1447858420,1758
1447858421,2046
1447858422,2172
1447858423,2028
1447858424,2354
1447858425,1776
1447858426,3036
1447858427,1992
1447858428,1290
1447858429,2204
1447858430,1524
1447858431,66
1447858432,66
1447858433,66
1447858434,66
1447858435,66
1447858436,242
1447858437,156
1447858438,66
1447858439,66
1447858440,156
1447858441,242
1447858442,66
1447858443,156
1447858444,66
1447858445,156
1447858446,152
1447858447,156
1447858448,156
1447858449,66
1447858450,66
1447858451,242
1447858452,156
1447858453,66
1447858454,156
1447858455,66
1447858456,242
1447858457,156
1447858458,66
1447858459,156
1447858460,66
1447858461,242
1447858462,66
1447858463,156
1447858464,156
1447858465,66
1447858466,66
1447858467,156
1447858468,156
1447858469,66
1447858470,156
1447858471,152
1447858472,156
1447858473,66
1447858474,156
1447858475,156
1447858476,152
1447858477,66
1447858478,156
1447858479,156
1447858480,66
1447858481,242
1447858482,66
1447858483,156
1447858484,156
1447858485,66
1447858486,242
1447858487,66
1447858488,156
1447858489,66
1447858490,156
1447858491,242
1447858492,66
1447858493,66
1447858494,156
1447858495,156
1447858496,86
1447858497,222
1447858498,66
1447858499,90
1447858500,132
1447858501,156
1447858502,90
1447858503,66
1447858504,66
1447858505,156
1447858506,242
1447858507,66
1447858508,156
1447858509,66
1447858510,156
1447858511,152
1447858512,156
1447858513,156
1447858514,66
1447858515,66
1447858516,242
1447858517,156
1447858518,66
1447858519,156
1447858520,66
1447858521,242
1447858522,156
1447858523,66
1447858524,156
1447858525,66
1447858526,242
1447858527,66
1447858528,156
1447858529,156
1447858530,66
1447858531,152
1447858532,156
1447858533,156
1447858534,66
1447858535,156
1447858536,152
1447858537,156
1447858538,66
1447858539,156
1447858540,156
1447858541,152
1447858542,66
1447858543,156
1447858544,156
1447858545,66
1447858546,242
1447858547,66
1447858548,156
1447858549,66
1447858550,156
1447858551,242
1447858552,66
1447858553,66
1447858554,156
1447858555,156
1447858556,152
1447858557,156
1447858558,66
1447858559,156
1447858560,156
1447858561,152
1447858562,156
1447858563,66
1447858564,156
1447858565,66
1447858566,242
1447858567,156
1447858568,66
1447858569,66
1447858570,156
1447858571,242
1447858572,66
1447858573,156
1447858574,66
1447858575,156
1447858576,66
1447858577,156
1447858578,156
1447858579,66
1447858580,66
1447858581,242
1447858582,156
1447858583,66
1447858584,156
1447858585,66
1447858586,242
1447858587,156
1447858588,66
1447858589,156
1447858590,66
1447858591,242
1447858592,66
1447858593,156
1447858594,156
1447858595,66
1447858596,152
1447858597,156
1447858598,66
**************************payload****************************
1447858379,58713
1447858380,252888
1447858382,16283
1447858383,21900
1447858384,172280
1447858385,194180
1447858390,5168
1447858391,8760
1447858392,1460
1447858393,283240
1447858394,108040
1447858399,15388
1447858400,1460
1447858401,1460
1447858403,19768
1447858404,55480
1447858405,52560
1447858406,46720
1447858407,54020
1447858408,54020
1447858409,52560
1447858410,56940
1447858411,46720
1447858412,49640
1447858413,54020
1447858414,51100
1447858415,70080
1447858416,36500
1447858417,51100
1447858418,64240
1447858419,52560
1447858420,40880
1447858421,51100
1447858422,56940
1447858423,48180
1447858424,61320
1447858425,43800
1447858426,79643
1447858427,49640
1447858428,30660
1447858429,55480
1447858430,39420
