**************************overload****************************
1447861195,66
1447861196,66
1447861197,152
1447861198,66
1447861199,66
1447861200,66
1447861201,66
1447861202,152
1447861203,66
1447861204,66
1447861205,66
1447861206,66
1447861207,152
1447861208,66
1447861209,66
1447861210,66
1447861211,66
1447861212,152
1447861213,66
1447861214,66
1447861215,66
1447861216,66
1447861217,152
1447861218,66
1447861219,66
1447861220,66
1447861221,66
1447861222,86
1447861223,66
1447861224,66
1447861225,132
1447861226,876
1447861227,3306
1447861228,3252
1447861229,3618
1447861230,3522
1447861231,9234
1447861233,1286
1447861234,2982
1447861235,1416
1447861236,1902
1447861237,2226
1447861238,1976
1447861239,3954
1447861240,534
1447861241,1614
1447861242,2226
1447861243,2010
1447861244,1826
1447861245,1998
1447861246,6672
1447861248,66
1447861249,1184
1447861250,1938
1447861251,1884
1447861252,1956
1447861253,2406
1447861254,1934
1447861255,2046
1447861256,2118
1447861257,2046
1447861258,2154
1447861259,2096
1447861260,2154
1447861261,1908
1447861262,2118
1447861263,3522
1447861264,750
1447861265,2066
1447861266,2370
1447861267,1902
1447861268,1974
1447861269,3288
1447861270,930
1447861271,2894
1447861272,2862
1447861273,1566
1447861274,336
1447861275,13140
1447861276,2790
1447861278,176
1447861279,90
1447861282,174
1447861283,152
1447861284,66
1447861285,66
1447861286,66
1447861287,66
1447861288,66
1447861289,66
1447861290,66
1447861291,66
1447861292,66
1447861293,152
1447861294,66
1447861295,66
1447861296,66
1447861297,66
1447861298,66
1447861299,66
1447861300,66
1447861301,66
1447861302,66
1447861303,152
1447861304,66
1447861305,66
1447861306,66
1447861307,66
1447861308,152
1447861309,66
1447861310,66
1447861311,66
1447861312,66
1447861313,152
1447861314,66
1447861315,66
1447861316,66
1447861317,66
1447861318,152
1447861319,66
1447861320,66
1447861321,66
1447861322,66
1447861323,152
1447861324,66
1447861325,66
1447861326,66
1447861327,66
1447861328,152
1447861329,66
1447861330,66
1447861331,66
1447861332,66
1447861333,152
1447861334,66
1447861335,66
1447861336,66
1447861337,66
1447861338,152
1447861339,66
1447861340,66
1447861341,66
1447861342,66
1447861343,152
1447861344,66
1447861345,66
1447861346,66
1447861347,66
1447861348,152
1447861349,66
1447861350,66
1447861351,66
1447861352,66
1447861353,152
1447861354,66
1447861355,66
1447861356,66
1447861357,66
1447861358,152
1447861359,66
1447861360,66
1447861361,66
1447861362,66
1447861363,152
1447861364,66
1447861365,66
1447861366,66
1447861367,66
1447861368,152
1447861369,66
1447861370,66
1447861371,66
1447861372,66
1447861373,152
1447861374,66
1447861375,66
1447861376,66
1447861377,66
1447861378,152
1447861379,66
1447861380,66
1447861381,66
1447861382,66
1447861383,152
1447861384,66
1447861385,66
1447861386,66
1447861387,66
1447861388,66
1447861389,66
1447861390,66
1447861391,66
1447861392,66
1447861393,152
1447861394,66
1447861395,66
1447861396,66
1447861397,66
1447861398,152
1447861399,66
1447861400,66
1447861401,66
1447861402,66
1447861403,66
1447861404,66
1447861405,66
1447861406,66
1447861407,66
1447861408,152
1447861409,66
1447861410,66
1447861411,66
1447861412,66
1447861413,152
1447861414,66
1447861415,66
1447861416,66
1447861417,66
1447861418,152
1447861419,66
1447861420,66
1447861421,66
1447861422,66
1447861423,152
1447861424,66
1447861425,66
1447861426,66
1447861427,66
1447861428,152
1447861429,66
1447861430,66
1447861431,66
1447861432,66
1447861433,152
1447861434,66
1447861435,66
1447861436,66
1447861437,66
1447861438,152
1447861439,66
1447861440,66
1447861441,66
1447861442,66
1447861443,152
1447861444,66
1447861445,66
1447861446,66
1447861447,66
1447861448,152
1447861449,66
1447861450,66
1447861451,66
1447861452,66
1447861453,152
1447861454,66
1447861455,66
1447861456,66
1447861457,66
1447861458,152
1447861459,66
1447861460,66
1447861461,90
**************************payload****************************
1447861226,13676
1447861227,78759
1447861228,83877
1447861229,97820
1447861230,93440
1447861231,249660
1447861233,8760
1447861234,78840
1447861235,36500
1447861236,27740
1447861237,58400
1447861238,51100
1447861239,105120
1447861240,10220
1447861241,39420
1447861242,58400
1447861243,52560
1447861244,37960
1447861245,54020
1447861246,172839
1447861249,24820
1447861250,48180
1447861251,46720
1447861252,51100
1447861253,58400
1447861254,48180
1447861255,51100
1447861256,55480
1447861257,51100
1447861258,54020
1447861259,52560
1447861260,54020
1447861261,46720
1447861262,55480
1447861263,93440
1447861264,16060
1447861265,51100
1447861266,59860
1447861267,49640
1447861268,46720
1447861269,84680
1447861270,23360
1447861271,75920
1447861272,77380
1447861273,42340
1447861275,350400
1447861276,70819
1447861282,2920
