**************************overload****************************
1447861193,66
1447861194,66
1447861195,66
1447861196,86
1447861197,66
1447861198,132
1447861199,66
1447861201,152
1447861202,66
1447861203,66
1447861204,66
1447861205,66
1447861206,152
1447861207,66
1447861208,66
1447861209,66
1447861210,66
1447861211,152
1447861212,66
1447861213,66
1447861214,66
1447861215,66
1447861216,152
1447861217,66
1447861218,66
1447861219,66
1447861220,66
1447861221,152
1447861222,66
1447861223,66
1447861224,66
1447861225,66
1447861226,800
1447861227,3090
1447861228,1686
1447861229,1038
1447861230,2226
1447861231,4482
1447861232,1016
1447861233,552
1447861234,3414
1447861235,1038
1447861236,876
1447861237,876
1447861238,1776
1447861239,1124
1447861240,750
1447861241,1362
1447861242,1596
1447861243,1362
1447861244,1376
1447861245,1254
1447861246,894
1447861247,156
1447861248,66
1447861249,2618
1447861250,3288
1447861251,2748
1447861252,1092
1447861253,1434
1447861254,1646
1447861255,1200
1447861256,642
1447861257,1182
1447861258,1128
1447861259,1502
1447861260,1434
1447861261,1236
1447861262,822
1447861263,1560
1447861264,588
1447861265,1214
1447861266,1200
1447861267,1206
1447861268,924
1447861269,756
1447861270,1560
1447861271,1560
1447861272,1182
1447861273,7334
1447861275,2298
1447861276,1668
1447861277,66
1447861278,242
1447861279,222
1447861280,156
1447861282,246
1447861283,350
1447861284,66
1447861285,156
1447861286,156
1447861287,156
1447861288,66
1447861289,246
1447861290,156
1447861291,66
1447861292,156
1447861293,242
1447861294,156
1447861295,66
1447861296,246
1447861297,156
1447861298,152
1447861299,156
1447861300,156
1447861301,156
1447861302,66
1447861303,246
1447861304,156
1447861305,66
1447861306,156
1447861307,156
1447861308,242
1447861309,66
1447861310,246
1447861311,156
1447861312,66
1447861313,242
1447861314,156
1447861315,156
1447861316,66
1447861317,246
1447861318,152
1447861319,156
1447861320,156
1447861321,156
1447861322,156
1447861323,152
1447861324,246
1447861325,66
1447861326,156
1447861327,66
1447861328,2910
1447861329,3144
1447861330,3306
1447861331,3230
1447861332,3036
1447861333,15444
1447861334,54
1447861335,54
1447861336,54
1447861337,350
1447861338,156
1447861339,13134
1447861340,5022
1447861341,282
1447861342,3014
1447861343,6912
1447861345,3510
1447861346,5346
1447861347,206
1447861348,822
1447861349,3252
1447861350,3252
1447861351,2928
1447861352,3360
1447861353,3240
1447861354,3306
1447861355,3500
1447861356,3252
1447861357,1524
1447861358,66
1447861359,66
1447861360,66
1447861361,1880
1447861362,14268
1447861363,4212
1447861364,3510
1447861367,86
1447861368,66
1447861369,66
1447861370,66
1447861371,66
1447861372,66
1447861373,66
1447861374,66
1447861375,66
1447861376,152
1447861377,66
1447861378,66
1447861379,66
1447861380,66
1447861381,152
1447861382,66
1447861383,66
1447861384,66
1447861385,66
1447861386,152
1447861387,66
1447861388,66
1447861389,66
1447861390,66
1447861391,152
1447861392,66
1447861393,66
1447861394,66
1447861395,66
1447861396,152
1447861397,66
1447861398,66
1447861399,66
1447861400,66
1447861401,152
1447861402,66
1447861403,66
1447861404,66
1447861405,66
1447861406,152
1447861407,66
1447861408,66
1447861409,66
1447861410,66
1447861411,152
1447861412,66
1447861413,66
1447861414,66
1447861415,66
1447861416,152
1447861417,66
1447861418,66
1447861419,66
1447861420,66
1447861421,152
1447861422,66
1447861423,66
1447861424,66
1447861425,66
1447861426,152
1447861427,66
1447861428,66
1447861429,66
1447861430,66
1447861431,152
1447861432,66
1447861433,66
1447861434,66
1447861435,66
1447861436,152
1447861437,66
1447861438,66
1447861439,66
1447861440,66
1447861441,152
1447861442,66
1447861443,66
1447861444,66
1447861445,66
1447861446,152
1447861447,66
1447861448,66
1447861449,66
1447861450,66
1447861451,152
1447861452,66
1447861453,66
1447861454,66
1447861455,66
1447861456,152
1447861457,66
1447861458,66
1447861459,336
1447861460,270
**************************payload****************************
1447861226,186
1447861227,672
1447861228,360
1447861229,216
1447861230,300
1447861231,996
1447861232,12
1447861233,180
1447861234,1092
1447861235,216
1447861236,180
1447861237,180
1447861238,360
1447861239,216
1447861240,132
1447861241,288
1447861242,300
1447861243,288
1447861244,252
1447861245,264
1447861246,144
1447861249,1056
1447861250,1472
1447861251,1228
1447861252,228
1447861253,264
1447861254,312
1447861255,252
1447861256,108
1447861257,228
1447861258,216
1447861259,300
1447861260,264
1447861261,240
1447861262,168
1447861263,312
1447861264,96
1447861265,216
1447861266,252
1447861267,228
1447861268,156
1447861269,168
1447861270,312
1447861271,312
1447861272,228
1447861273,3800
1447861275,456
1447861276,348
1447861283,36
1447861328,71171
1447861329,76882
1447861330,81626
1447861331,73171
1447861332,76288
1447861333,412936
1447861334,1460
1447861335,1460
1447861336,1460
1447861337,2920
1447861339,353320
1447861340,135780
1447861341,4742
1447861342,72432
1447861343,186880
1447861345,94900
1447861346,144540
1447861347,1460
1447861348,20440
1447861349,86140
1447861350,86140
1447861351,77380
1447861352,89060
1447861353,86586
1447861354,86239
1447861355,90520
1447861356,78805
1447861357,31879
1447861361,32957
1447861362,379628
1447861363,113880
1447861364,93839
