**************************overload****************************
1447864230,66
1447864231,152
1447864232,3198
1447864233,2334
1447864234,1686
1447864235,1848
1447864236,980
1447864237,2046
1447864238,756
1447864239,2076
1447864240,2136
1447864241,2744
1447864242,1002
1447864243,156
1447864244,426
1447864245,156
1447864246,422
1447864247,156
1447864248,246
1447864249,66
1447864250,66
1447864251,2204
1447864252,1512
1447864253,1794
1447864254,2010
1447864255,2010
1447864256,2150
1447864257,1470
1447864258,2118
1447864259,750
1447864260,696
1447864261,242
1447864262,156
1447864263,786
1447864264,156
1447864265,156
1447864266,152
1447864267,156
1447864268,1848
1447864269,1848
1447864270,66
1447864271,692
1447864272,1848
1447864273,1416
1447864274,2226
1447864275,1362
1447864276,1988
1447864277,390
1447864278,2496
1447864279,1632
1447864280,66
1447864281,638
1447864282,1740
1447864283,1146
1447864284,66
1447864285,66
1447864286,602
1447864287,336
1447864288,876
**************************payload****************************
1447864232,696
1447864233,504
1447864234,360
1447864235,336
1447864236,144
1447864237,360
1447864238,168
1447864239,432
1447864240,420
1447864241,792
1447864242,168
1447864251,468
1447864252,336
1447864253,384
1447864254,432
1447864255,432
1447864256,444
1447864257,312
1447864258,456
1447864259,12
1447864268,408
1447864269,396
1447864271,120
1447864272,396
1447864273,300
1447864274,480
1447864275,288
1447864276,408
1447864277,72
1447864278,732
1447864279,348
1447864281,108
1447864282,372
1447864283,240
