**************************overload****************************
1447864228,66
1447864229,66
1447864230,66
1447864231,152
1447864232,2874
1447864233,3198
1447864234,3414
1447864235,3510
1447864236,4470
1447864237,2548
1447864238,4750
1447864239,11016
1447864240,9234
1447864241,7128
1447864242,4568
1447864243,54
1447864244,54
1447864246,54
1447864247,86
1447864248,66
1447864249,172
1447864250,66
1447864251,2712
1447864252,3608
1447864253,3564
1447864254,3468
1447864255,13998
1447864256,10746
1447864257,8240
1447864258,11340
1447864259,918
1447864260,54
1447864261,54
1447864262,86
1447864263,54
1447864267,206
1447864268,2280
1447864269,10854
1447864270,486
1447864272,2982
1447864273,3522
1447864274,3522
1447864275,3468
1447864276,3414
1447864277,5054
1447864278,1686
1447864279,10800
1447864281,606
1447864282,9374
1447864283,7506
1447864284,54
1447864285,54
1447864286,444
1447864287,566
**************************payload****************************
1447864232,63550
1447864233,69836
1447864234,89283
1447864235,94900
1447864236,113880
1447864237,64240
1447864238,124617
1447864239,296603
1447864240,249660
1447864241,192720
1447864242,121180
1447864243,1460
1447864244,1460
1447864246,1460
1447864251,71540
1447864252,93440
1447864253,96360
1447864254,83750
1447864255,372969
1447864256,290540
1447864257,219120
1447864258,306492
1447864259,24820
1447864260,1460
1447864261,1460
1447864263,1460
1447864267,1460
1447864268,59860
1447864269,293460
1447864270,11753
1447864272,77603
1447864273,93440
1447864274,93440
1447864275,91980
1447864276,82097
1447864277,128135
1447864278,43800
1447864279,290935
1447864281,13363
1447864282,251120
1447864283,202940
1447864284,1460
1447864285,1460
1447864286,2920
1447864287,4380
