**************************overload****************************
1447859909,66
1447859910,66
1447859911,66
1447859912,66
1447859913,66
1447859914,66
1447859915,66
1447859916,66
1447859917,66
1447859918,152
1447859919,66
1447859920,66
1447859921,66
1447859922,66
1447859923,152
1447859924,66
1447859925,66
1447859926,66
1447859927,66
1447859928,152
1447859929,66
1447859930,66
1447859931,66
1447859932,66
1447859933,66
1447859934,584
1447859935,3252
1447859936,2226
1447859937,1848
1447859938,1092
1447859939,510
1447859940,490
1447859941,702
1447859942,384
1447859943,384
1447859944,258
1447859945,1680
1447859946,2118
1447859947,2064
1447859948,2064
1447859949,1956
1447859950,152
1447859951,606
1447859952,66
1447859953,606
1447859954,66
1447859955,152
1447859956,66
1447859957,422
1447859958,156
1447859959,172
1447859960,152
1447859961,262
1447859962,66
1447859963,66
1447859964,66
1447859965,86
1447859966,132
1447859968,66
1447859969,66
1447859970,962
1447859971,1686
1447859972,1470
1447859973,1362
1447859974,1362
1447859975,1178
1447859976,660
1447859977,66
1447859978,66
1447859979,66
1447859980,152
1447859981,66
1447859982,66
1447859983,66
1447859984,66
1447859985,152
1447859986,66
1447859987,66
1447859988,66
1447859989,66
1447859990,152
1447859991,66
1447859992,66
1447859993,66
1447859994,66
1447859995,66
1447859996,66
1447859997,66
1447859998,66
1447859999,66
1447860000,152
1447860001,66
1447860002,66
1447860003,66
1447860004,66
1447860005,152
1447860006,66
1447860007,66
1447860008,66
1447860009,66
1447860010,152
1447860011,66
1447860012,66
1447860013,66
1447860014,66
1447860015,152
1447860016,66
1447860017,66
1447860018,66
1447860019,66
1447860020,152
1447860021,66
1447860022,66
1447860023,66
1447860024,66
1447860025,152
1447860026,66
1447860027,66
1447860028,66
1447860029,66
1447860030,152
1447860031,66
1447860032,66
1447860033,66
1447860034,66
1447860035,908
1447860036,3090
1447860037,3360
1447860038,3036
1447860039,2928
1447860040,1556
1447860041,3576
1447860042,10746
1447860043,13878
1447860048,1112
1447860049,228
1447860050,66
1447860051,66
1447860052,66
1447860053,172
1447860054,66
1447860055,152
1447860056,66
1447860057,66
1447860058,66
1447860059,66
1447860060,1178
1447860061,3144
1447860062,2334
1447860063,2388
1447860064,2916
1447860065,3230
1447860066,4278
1447860067,2388
1447860068,3252
1447860069,3780
1447860070,3284
1447860071,3564
1447860072,714
1447860073,4696
1447860074,1404
1447860075,6912
1447860076,4968
1447860078,298
1447860079,914
1447860083,318
1447860084,914
1447860085,742
1447860086,934
1447860087,490
1447860088,66
1447860089,66
1447860090,66
1447860091,152
1447860092,66
1447860093,66
1447860094,66
1447860095,66
1447860096,152
1447860097,66
1447860098,66
1447860099,66
1447860100,66
1447860101,152
1447860102,66
1447860103,66
1447860104,66
1447860105,66
1447860106,152
1447860107,66
1447860108,66
1447860109,66
1447860110,66
1447860111,152
1447860112,66
1447860113,66
1447860114,66
1447860115,66
1447860116,152
1447860117,66
1447860118,66
1447860120,66
1447860121,218
1447860122,66
1447860124,66
1447860125,66
1447860126,152
1447860127,66
1447860128,66
1447860129,66
1447860130,66
1447860131,152
1447860132,66
1447860133,66
1447860134,66
1447860135,66
1447860136,152
1447860137,66
1447860138,66
1447860139,66
1447860140,66
1447860141,152
1447860142,66
1447860143,66
1447860144,66
1447860145,66
1447860146,152
1447860147,66
1447860148,66
1447860149,66
1447860150,66
1447860151,66
1447860152,66
1447860153,66
1447860154,66
1447860155,66
1447860156,152
1447860157,66
1447860158,786
**************************payload****************************
1447859934,180
1447859935,708
1447859936,480
1447859937,396
1447859938,228
1447859945,516
1447859946,456
1447859947,444
1447859948,444
1447859949,300
1447859957,24
1447859970,216
1447859971,360
1447859972,312
1447859973,288
1447859974,288
1447859975,228
1447859976,132
1447860035,13664
1447860036,68153
1447860037,85349
1447860038,80300
1447860039,73274
1447860040,22960
1447860041,89377
1447860042,290540
1447860043,375220
1447860048,27740
1447860049,4380
1447860060,27740
1447860061,75662
1447860062,51306
1447860063,55358
1447860064,77450
1447860065,80775
1447860066,110531
1447860067,62780
1447860068,85383
1447860069,101232
1447860070,84680
1447860071,96360
1447860072,17520
1447860073,124100
1447860074,37960
1447860075,186880
1447860076,133222
