**************************overload****************************
1447860150,152
1447860151,66
1447860152,66
1447860153,66
1447860154,66
1447860155,152
1447860156,66
1447860157,66
1447860158,66
1447860159,66
1447860160,152
1447860161,66
1447860162,66
1447860163,66
1447860164,66
1447860165,66
1447860166,66
1447860167,66
1447860168,66
1447860169,66
1447860170,152
1447860171,66
1447860172,66
1447860173,66
1447860174,66
1447860175,152
1447860176,66
1447860177,66
1447860178,66
1447860179,66
1447860180,152
1447860181,66
1447860182,66
1447860183,66
1447860184,66
1447860185,152
1447860186,66
1447860187,66
1447860188,66
1447860189,66
1447860190,152
1447860191,228
1447860192,2280
1447860193,1578
1447860194,1578
1447860195,1308
1447860196,2624
1447860197,2100
1447860198,1974
1447860199,2028
1447860200,1848
1447860201,1470
1447860202,2060
1447860203,3360
1447860204,3270
1447860205,876
1447860206,1236
1447860207,786
1447860208,2420
1447860209,3702
1447860210,3198
1447860211,4626
1447860212,3162
1447860213,782
1447860214,1686
1447860215,246
1447860216,1596
1447860217,696
1447860218,1052
1447860219,696
1447860220,1236
1447860221,966
1447860222,1146
1447860223,1052
1447860224,1236
1447860225,1236
1447860226,1056
1447860227,1236
1447860228,1322
1447860229,1326
1447860230,966
1447860231,1326
1447860232,1146
1447860233,1502
1447860234,1056
1447860235,1416
1447860236,1146
1447860237,1740
1447860238,2600
1447860239,3846
1447860240,9234
1447860241,810
1447860242,4278
1447860243,1596
1447860244,516
1447860245,966
1447860246,1056
1447860247,786
1447860248,962
1447860249,1056
1447860250,966
1447860251,1146
1447860252,1236
1447860253,1232
1447860254,1146
1447860255,1146
1447860256,1416
1447860257,1056
1447860258,1502
1447860259,1146
1447860260,1326
1447860261,1236
1447860262,1260
1447860263,1322
1447860264,1392
1447860265,1236
1447860266,1170
1447860267,1326
1447860268,1322
1447860269,966
1447860270,966
1447860271,786
1447860272,852
1447860273,716
1447860274,762
1447860275,540
1447860276,696
1447860277,696
1447860278,782
1447860279,606
1447860280,696
1447860281,786
1447860282,606
1447860283,782
1447860284,696
1447860285,696
1447860286,606
1447860287,696
1447860288,782
1447860289,696
1447860290,1074
1447860291,3558
1447860292,1884
1447860293,3360
1447860294,6384
1447860295,11156
1447860296,10800
1447860297,1296
1447860299,54
1447860301,140
1447860302,66
1447860303,66
1447860304,66
1447860305,2010
1447860306,11298
1447860307,12582
1447860308,8748
1447860309,6264
1447860310,86
1447860317,3014
1447860318,12960
1447860319,10908
1447860320,10638
1447860321,3402
1447860329,260
1447860330,1092
1447860331,1848
1447860332,2280
1447860333,3252
1447860334,120
1447860335,66
1447860336,152
1447860337,66
1447860338,66
1447860339,66
1447860340,66
1447860341,152
1447860342,66
1447860343,66
1447860344,66
1447860345,66
1447860346,152
1447860347,66
1447860348,66
1447860349,66
1447860350,66
1447860351,152
1447860352,66
1447860353,66
1447860354,66
1447860355,66
1447860356,152
1447860357,66
1447860358,66
1447860359,66
1447860360,66
1447860361,152
1447860362,66
1447860363,66
1447860364,66
1447860365,66
1447860366,152
1447860367,66
1447860368,66
1447860369,66
1447860370,66
1447860371,152
1447860372,66
1447860373,66
1447860374,66
1447860375,66
1447860376,152
1447860377,66
1447860378,66
1447860379,66
1447860380,66
1447860381,152
1447860382,66
1447860383,66
1447860384,66
1447860385,66
1447860386,152
1447860388,132
1447860389,66
1447860391,152
1447860392,66
1447860393,132
1447860395,132
1447860396,86
1447860397,66
1447860398,66
1447860399,132
1447860400,66
1447860401,152
1447860402,66
1447860403,66
1447860404,66
1447860405,66
1447860406,152
1447860407,66
1447860408,66
1447860409,66
1447860411,152
1447860412,66
1447860413,66
1447860414,66
1447860415,66
1447860416,152
1447860417,336
1447860418,66
**************************payload****************************
1447860191,78
1447860192,492
1447860193,336
1447860194,336
1447860195,276
1447860196,672
1447860197,492
1447860198,324
1447860199,396
1447860200,216
1447860201,192
1447860202,264
1447860203,1068
1447860204,792
1447860208,264
1447860209,588
1447860210,456
1447860211,1008
1447860212,228
1447860237,96
1447860238,264
1447860239,600
1447860240,2052
1447860241,180
1447860242,1332
1447860243,120
1447860290,15046
1447860291,74180
1447860292,45483
1447860293,83959
1447860294,162944
1447860295,293893
1447860296,291546
1447860297,35040
1447860299,1460
1447860301,1460
1447860305,52560
1447860306,301796
1447860307,337611
1447860308,235517
1447860309,169360
1447860317,77380
1447860318,350400
1447860319,294920
1447860320,287620
1447860321,91980
1447860329,2920
1447860330,27740
1447860331,48180
1447860332,59104
1447860333,84903
1447860334,1188
