**************************overload****************************
1447858031,66
1447858032,66
1447858033,66
1447858034,66
1447858035,152
1447858036,66
1447858037,66
1447858038,66
1447858039,66
1447858040,152
1447858041,66
1447858042,66
1447858043,66
1447858044,66
1447858045,152
1447858046,66
1447858047,66
1447858048,66
1447858049,66
1447858050,152
1447858051,66
1447858052,66
1447858053,66
1447858054,66
1447858055,152
1447858056,66
1447858057,66
1447858058,66
1447858059,66
1447858060,152
1447858061,66
1447858062,66
1447858064,66
1447858065,152
1447858066,66
1447858067,66
1447858068,66
1447858069,66
1447858070,152
1447858071,66
1447858072,66
1447858073,66
1447858074,66
1447858075,152
1447858076,66
1447858077,66
1447858078,66
1447858079,66
1447858080,152
1447858081,66
1447858082,66
1447858083,66
1447858084,66
1447858085,152
1447858086,66
1447858087,66
1447858088,66
1447858089,66
1447858090,152
1447858091,66
1447858092,66
1447858093,66
1447858094,66
1447858095,152
1447858096,66
1447858097,66
1447858098,66
1447858099,66
1447858100,152
1447858101,66
1447858102,66
1447858103,66
1447858104,66
1447858105,152
1447858106,66
1447858107,66
1447858108,66
1447858109,66
1447858110,152
1447858111,66
1447858112,66
1447858113,66
1447858114,66
1447858115,152
1447858116,66
1447858117,66
1447858118,66
1447858119,66
1447858120,152
1447858121,66
1447858122,66
1447858123,66
1447858124,66
1447858125,152
1447858126,66
1447858127,66
1447858128,66
1447858129,66
1447858130,152
1447858131,66
1447858132,66
1447858133,66
1447858134,66
1447858135,152
1447858136,66
1447858137,66
1447858138,66
1447858139,66
1447858140,152
1447858141,66
1447858142,66
1447858143,66
1447858144,66
1447858145,152
1447858146,66
1447858147,66
1447858148,66
1447858149,66
1447858150,152
1447858151,66
1447858152,66
1447858153,66
1447858154,66
1447858155,152
1447858156,66
1447858157,66
1447858158,66
1447858159,66
1447858160,152
1447858161,66
1447858162,66
1447858163,66
1447858164,66
1447858165,152
1447858166,66
1447858167,66
1447858168,66
1447858169,66
1447858170,152
1447858171,66
1447858172,66
1447858173,66
1447858174,66
1447858175,152
1447858176,66
1447858177,66
1447858178,66
1447858179,66
1447858180,152
1447858181,66
1447858183,66
1447858184,156
1447858185,242
1447858186,156
1447858187,246
1447858188,156
1447858189,246
1447858190,152
1447858191,246
1447858192,156
1447858193,66
1447858194,66
1447858195,242
1447858196,66
1447858197,66
1447858198,156
1447858199,66
1447858200,156
1447858201,66
1447858202,156
1447858203,66
1447858204,66
1447858205,152
1447858206,66
1447858207,66
1447858208,66
1447858209,66
1447858210,152
1447858211,66
1447858212,66
1447858213,156
1447858214,156
1447858215,152
1447858216,66
1447858217,156
1447858218,66
1447858219,66
1447858220,152
1447858221,66
1447858222,66
1447858223,66
1447858224,66
1447858225,152
1447858226,66
1447858227,66
1447858228,66
1447858229,66
1447858230,152
1447858231,66
1447858232,66
1447858233,66
1447858234,66
1447858235,152
1447858236,66
1447858237,66
1447858238,66
1447858239,66
1447858240,152
1447858241,66
1447858242,444
1447858243,1470
1447858244,1578
1447858245,1124
1447858246,1200
1447858247,2928
1447858248,2064
1447858249,660
1447858250,206
1447858251,66
1447858252,66
1447858253,66
1447858254,66
1447858255,152
1447858256,66
1447858257,66
1447858258,336
1447858259,336
1447858260,152
1447858261,66
1447858262,336
1447858263,66
1447858264,66
1447858265,152
1447858266,66
1447858267,66
1447858268,66
1447858269,66
1447858270,152
1447858271,66
1447858272,66
1447858273,66
1447858274,1578
1447858275,2474
1447858276,1470
1447858277,984
1447858278,714
1447858279,1686
1447858280,1124
1447858281,1200
1447858282,282
1447858283,2640
1447858284,336
1447858285,1776
1447858286,152
1447858287,2046
1447858288,1146
1447858289,66
1447858290,66
1447858291,152
1447858292,66
1447858293,66
1447858295,66
1447858296,152
1447858297,66
1447858298,66
1447858299,66
1447858300,66
1447858301,152
1447858302,66
1447858303,66
1447858304,66
1447858305,66
1447858306,152
1447858307,66
1447858308,66
1447858309,66
1447858310,66
1447858311,152
1447858312,66
1447858313,66
1447858314,66
1447858315,66
1447858316,152
1447858317,66
1447858318,66
1447858319,66
1447858320,66
1447858321,152
1447858322,66
1447858323,66
1447858324,66
1447858325,66
1447858326,66
1447858327,66
1447858328,66
1447858329,66
1447858330,66
1447858331,152
1447858332,66
1447858333,66
1447858334,66
1447858335,66
1447858336,152
1447858337,66
1447858338,66
1447858339,66
1447858340,66
1447858341,152
1447858342,66
1447858343,66
1447858344,66
1447858345,66
1447858346,152
1447858347,66
1447858348,66
1447858349,66
1447858350,66
1447858351,152
1447858352,66
1447858353,66
1447858354,66
1447858355,246
1447858356,422
1447858357,336
1447858358,66
1447858359,426
1447858360,426
1447858361,336
1447858362,156
1447858363,336
1447858364,156
1447858365,336
1447858366,66
1447858367,336
1447858368,66
1447858369,336
1447858370,66
1447858371,336
1447858372,66
1447858373,336
1447858374,66
1447858375,336
1447858376,66
1447858377,336
1447858378,66
1447858379,336
1447858381,336
1447858382,66
1447858383,336
1447858384,66
1447858385,336
1447858386,66
1447858387,336
1447858388,66
1447858389,336
1447858390,66
1447858391,336
1447858392,66
1447858393,336
1447858394,66
1447858395,336
1447858396,66
1447858397,336
1447858398,66
1447858399,336
1447858400,66
1447858401,336
1447858402,66
1447858403,336
1447858404,66
1447858405,336
1447858406,66
1447858407,336
1447858408,66
1447858409,336
1447858410,66
1447858411,336
1447858412,66
1447858413,336
1447858414,66
1447858415,336
1447858416,66
1447858417,336
1447858418,66
1447858419,336
1447858420,66
1447858421,336
1447858422,66
1447858423,336
1447858424,66
1447858425,336
1447858426,66
1447858427,336
1447858428,66
1447858429,336
1447858430,66
1447858431,336
1447858432,66
1447858433,336
1447858434,66
1447858435,336
1447858436,66
1447858437,336
1447858438,66
1447858439,336
1447858440,66
1447858441,336
1447858442,156
1447858443,336
1447858444,156
1447858445,336
1447858446,156
1447858447,426
1447858448,66
1447858449,426
1447858450,66
1447858451,426
1447858452,66
1447858453,336
1447858454,66
1447858455,336
1447858456,66
1447858457,426
**************************payload****************************
1447858242,168
1447858243,360
1447858244,336
1447858245,216
1447858246,252
1447858247,636
1447858248,444
1447858249,156
1447858250,24
1447858274,348
1447858275,516
1447858276,312
1447858277,204
1447858278,144
1447858279,360
1447858280,216
1447858281,252
1447858282,60
1447858283,132
1447858288,252
