**************************overload****************************
1447857824,66
1447857825,66
1447857826,66
1447857827,152
1447857828,66
1447857829,66
1447857830,66
1447857831,66
1447857832,152
1447857833,66
1447857834,66
1447857835,66
1447857836,66
1447857837,152
1447857838,66
1447857839,66
1447857840,66
1447857841,66
1447857842,152
1447857843,66
1447857844,66
1447857845,66
1447857846,66
1447857847,152
1447857848,66
1447857849,66
1447857850,66
1447857851,66
1447857852,152
1447857853,66
1447857854,66
1447857855,66
1447857856,66
1447857857,1124
1447857858,1308
1447857859,3522
1447857860,2712
1447857861,2604
1447857862,2420
1447857863,1866
1447857864,156
1447857865,1416
1447857866,246
1447857867,782
1447857868,246
1447857869,246
1447857870,66
1447857871,156
1447857872,1106
1447857873,1722
1447857874,1038
1447857875,66
1447857876,156
1447857877,242
1447857878,3036
1447857879,2874
1447857880,66
1447857881,804
1447857882,1520
1447857883,156
1447857884,1866
1447857885,66
1447857886,4314
1447857887,350
1447857888,1884
1447857889,1080
1447857890,156
1447857891,1092
1447857892,512
1447857893,3504
1447857894,1200
1447857895,156
1447857896,984
1447857897,1254
1447857898,1232
1447857899,696
1447857900,1830
1447857901,660
1447857902,1902
1447857903,2132
1447857904,156
1447857905,66
1447857906,156
1447857907,66
1447857908,156
1447857909,156
1447857910,696
1447857911,156
1447857912,696
1447857913,242
1447857914,696
1447857915,156
1447857916,156
1447857917,66
1447857918,152
1447857919,156
1447857920,156
1447857921,66
1447857922,156
1447857923,152
1447857924,156
1447857925,66
1447857926,156
1447857927,156
1447857928,152
1447857929,66
1447857930,156
1447857931,156
1447857932,156
1447857933,152
1447857934,66
1447857935,156
1447857936,156
1447857937,66
1447857938,156
1447857939,66
1447857940,156
1447857941,66
1447857942,156
1447857943,242
1447857944,66
1447857945,66
1447857946,156
1447857947,156
1447857948,152
1447857949,156
1447857950,66
1447857951,156
1447857952,156
1447857953,152
1447857954,156
1447857955,66
1447857956,156
1447857957,66
1447857958,2064
1447857959,3090
1447857960,6978
1447857961,120
1447857962,2354
1447857963,3468
1447857964,3090
1447857965,3090
1447857966,3198
1447857967,2744
1447857968,9570
1447857969,16416
1447857970,8586
1447857971,54
1447857972,54
1447857974,54
1447857977,152
1447857978,66
1447857979,120
1447857980,66
1447857981,66
1447857982,422
1447857983,336
1447857984,66
1447857985,66
1447857986,246
1447857987,152
1447857988,66
1447857989,66
1447857990,66
1447857991,66
1447857992,152
1447857993,66
1447857994,66
1447857995,66
1447857996,66
1447857997,152
1447857998,66
1447857999,66
1447858000,66
1447858001,66
1447858002,152
1447858003,66
1447858004,4170
1447858005,22734
1447858006,1998
1447858008,86
1447858012,66
1447858013,152
1447858014,66
1447858015,66
1447858016,66
1447858017,66
1447858018,66
1447858019,66
1447858020,66
1447858021,66
1447858022,66
1447858023,152
1447858024,66
1447858025,66
1447858026,66
1447858027,66
1447858028,152
1447858029,66
1447858030,66
1447858031,66
1447858032,66
1447858033,152
1447858035,66
1447858036,132
1447858037,66
1447858038,152
1447858040,66
1447858041,66
1447858042,66
1447858043,152
1447858044,66
1447858045,66
1447858046,66
1447858047,66
1447858048,152
1447858049,66
1447858050,66
1447858051,66
1447858052,66
1447858053,152
1447858054,66
1447858055,66
1447858056,66
1447858057,66
1447858058,152
1447858059,66
1447858060,66
1447858061,66
1447858062,66
1447858063,152
1447858064,66
1447858065,66
1447858066,66
1447858067,66
1447858068,152
1447858069,66
1447858070,66
1447858071,66
1447858072,66
1447858073,422
1447858074,336
**************************payload****************************
1447857857,300
1447857858,276
1447857859,768
1447857860,948
1447857861,636
1447857862,504
1447857863,120
1447857872,204
1447857873,348
1447857874,216
1447857878,504
1447857879,552
1447857881,144
1447857882,144
1447857886,576
1447857887,24
1447857888,24
1447857889,240
1447857891,228
1447857892,60
1447857893,744
1447857894,252
1447857896,204
1447857897,144
1447857900,192
1447857901,132
1447857902,288
1447857903,420
1447857958,49283
1447857959,79737
1447857960,181115
1447857961,1460
1447857962,57820
1447857963,91434
1447857964,81607
1447857965,78711
1447857966,84680
1447857967,70080
1447857968,256960
1447857969,443840
1447857970,232140
1447857971,1460
1447857972,1460
1447857974,1460
1447857979,1460
1447858004,110960
1447858005,613722
1447858006,52723
