**************************overload****************************
1447860937,180
1447860938,156
1447860939,336
1447860940,66
1447860941,422
1447860942,156
1447860943,246
1447860944,156
1447860945,246
1447860946,332
1447860947,156
1447860948,246
1447860949,156
1447860950,336
1447860951,152
1447860952,336
1447860953,156
1447860954,246
1447860955,156
1447860956,332
1447860957,246
1447860958,156
1447860959,246
1447860960,156
1447860961,422
1447860962,66
1447860963,336
1447860964,66
1447860965,336
1447860966,242
1447860967,246
1447860968,246
1447860969,156
1447860970,246
1447860971,404
1447860972,660
1447860973,3522
1447860974,2118
1447860975,1470
1447860976,2204
1447860977,2208
1447860978,2298
1447860979,2802
1447860980,624
1447860981,818
1447860982,1938
1447860983,1812
1447860984,426
1447860985,336
1447860986,152
1447860987,336
1447860988,156
1447860989,246
1447860990,156
1447860991,332
1447860992,246
1447860993,156
1447860994,246
1447860995,156
1447860996,530
1447860997,336
1447860998,498
1447860999,66
1447861000,336
1447861001,242
1447861002,246
1447861003,246
1447861004,156
1447861005,246
1447861006,242
1447861007,336
1447861008,66
1447861009,336
1447861010,66
1447861011,422
1447861012,156
1447861013,246
1447861014,246
1447861015,156
1447861016,332
1447861017,156
1447861018,336
1447861019,66
1447861020,336
1447861021,152
1447861022,336
1447861023,156
1447861024,246
1447861025,90
1447861026,398
1447861027,180
1447861028,156
1447861029,156
1447861030,156
1447861031,242
1447861032,66
1447861033,66
1447861034,66
1447861035,66
1447861036,152
1447861037,66
1447861038,66
1447861039,66
1447861040,66
1447861041,152
1447861042,66
1447861043,66
1447861044,66
1447861045,66
1447861046,152
1447861047,66
1447861048,66
1447861049,66
1447861050,66
1447861051,152
1447861052,66
1447861053,66
1447861054,66
1447861055,66
1447861056,152
1447861057,66
1447861058,66
1447861059,66
1447861060,66
1447861061,152
1447861062,66
1447861063,66
1447861064,66
1447861065,66
1447861066,152
1447861067,66
1447861068,66
1447861069,66
1447861070,282
1447861071,746
1447861072,2658
1447861073,3144
1447861074,4656
1447861075,3078
1447861076,1826
1447861077,172
1447861078,1682
1447861079,2604
1447861080,3198
1447861081,2526
1447861082,2820
1447861083,2820
1447861084,2604
1447861085,2982
1447861086,2690
1447861087,2766
1447861088,8802
1447861090,1902
1447861091,1336
1447861092,5680
1447861093,712
1447861094,2698
1447861095,4330
1447861096,1228
1447861097,2926
1447861098,2334
1447861099,14592
1447861100,66
1447861101,152
1447861102,66
1447861103,66
1447861104,66
1447861105,66
1447861106,152
1447861107,66
1447861109,66
1447861110,66
1447861111,152
1447861112,66
1447861113,66
1447861114,66
1447861115,66
1447861116,152
1447861117,66
1447861118,66
1447861119,66
1447861120,66
1447861121,152
1447861122,66
1447861123,66
1447861124,66
1447861125,66
1447861126,152
1447861127,66
1447861128,66
1447861129,66
1447861130,66
1447861131,152
1447861132,66
1447861133,66
1447861134,66
1447861135,66
1447861136,152
1447861137,66
1447861138,66
1447861139,66
1447861140,66
1447861141,152
1447861142,66
1447861143,66
1447861144,66
1447861145,66
1447861146,152
1447861147,66
1447861148,66
1447861149,66
1447861150,66
1447861151,152
1447861152,66
1447861153,66
1447861154,66
1447861155,66
1447861156,152
1447861157,66
1447861158,66
1447861159,66
1447861160,66
1447861161,152
1447861162,66
1447861163,66
1447861164,66
1447861165,66
1447861166,152
1447861167,66
1447861168,66
1447861169,66
1447861170,66
1447861171,152
1447861172,66
1447861173,66
1447861174,66
1447861175,66
1447861176,152
1447861177,66
1447861178,66
1447861179,66
1447861180,66
1447861181,332
1447861182,156
1447861183,336
1447861184,66
1447861185,336
1447861186,242
1447861187,246
1447861188,156
1447861189,246
1447861190,66
1447861191,516
**************************payload****************************
1447860971,78
1447860972,3087
1447860973,768
1447860974,408
1447860975,312
1447860976,396
1447860977,456
1447860978,528
1447860979,588
1447860980,84
1447860981,108
1447860982,396
1447860983,348
1447860984,60
1447860996,24
1447860997,103
1447860998,36
1447861070,90
1447861071,10598
1447861072,60606
1447861073,74168
1447861074,110493
1447861075,82252
1447861076,45260
1447861078,37960
1447861079,67583
1447861080,83501
1447861081,60043
1447861082,63538
1447861083,62090
1447861084,57698
1447861085,65233
1447861086,57389
1447861087,60630
1447861088,235833
1447861090,48574
1447861091,26280
1447861092,148374
1447861093,14600
1447861094,67904
1447861095,107374
1447861096,23360
1447861097,74460
1447861098,50303
1447861099,390120
