**************************overload****************************
1447857842,66
1447857843,66
1447857844,66
1447857845,66
1447857846,152
1447857847,66
1447857848,66
1447857849,66
1447857850,66
1447857851,66
1447857852,66
1447857853,66
1447857854,66
1447857855,66
1447857856,152
1447857857,66
1447857858,66
1447857859,66
1447857860,66
1447857861,152
1447857862,66
1447857863,66
1447857864,66
1447857865,66
1447857866,152
1447857867,66
1447857868,66
1447857869,66
1447857870,66
1447857871,152
1447857872,66
1447857873,66
1447857874,66
1447857875,66
1447857876,152
1447857877,66
1447857878,66
1447857879,66
1447857880,66
1447857881,152
1447857882,66
1447857883,66
1447857884,66
1447857885,66
1447857886,152
1447857887,66
1447857888,66
1447857889,66
1447857890,66
1447857891,152
1447857892,66
1447857893,66
1447857894,66
1447857895,66
1447857896,152
1447857897,66
1447857898,66
1447857899,66
1447857900,66
1447857901,66
1447857902,66
1447857903,66
1447857904,66
1447857905,66
1447857906,152
1447857907,66
1447857908,66
1447857909,66
1447857910,66
1447857911,66
1447857912,66
1447857913,66
1447857914,66
1447857915,66
1447857916,152
1447857917,66
1447857918,66
1447857919,66
1447857920,66
1447857921,66
1447857922,66
1447857923,66
1447857924,66
1447857925,66
1447857926,152
1447857927,66
1447857928,66
1447857929,66
1447857930,66
1447857931,66
1447857932,66
1447857933,66
1447857934,66
1447857935,66
1447857936,152
1447857937,66
1447857938,66
1447857939,66
1447857940,66
1447857941,66
1447857942,66
1447857943,66
1447857944,66
1447857945,66
1447857946,152
1447857947,66
1447857948,66
1447857949,66
1447857950,66
1447857951,66
1447857952,66
1447857953,66
1447857954,66
1447857955,66
1447857956,152
1447857957,66
1447857958,66
1447857959,66
1447857960,66
1447857961,1792
1447857962,2550
1447857963,1200
1447857964,1200
1447857965,1232
1447857966,1674
1447857967,1416
1447857968,1686
1447857969,822
1447857970,1232
1447857971,1200
1447857972,1362
1447857973,1038
1447857974,66
1447857975,66
1447857976,152
1447857977,66
1447857978,66
1447857979,66
1447857980,66
1447857981,152
1447857982,66
1447857983,66
1447857984,66
1447857985,66
1447857986,66
1447857987,66
1447857988,66
1447857989,66
1447857990,66
1447857991,152
1447857992,66
1447857993,66
1447857994,66
1447857995,66
1447857996,152
1447857997,66
1447857998,66
1447857999,66
1447858000,66
1447858001,152
1447858002,66
1447858003,66
1447858004,66
1447858005,66
1447858006,152
1447858007,66
1447858008,66
1447858009,66
1447858010,66
1447858011,152
1447858012,66
1447858013,66
1447858014,66
1447858015,66
1447858016,152
1447858017,66
1447858018,66
1447858019,66
1447858020,66
1447858021,152
1447858022,66
1447858023,66
1447858024,66
1447858025,66
1447858026,152
1447858027,66
1447858028,66
1447858029,66
1447858030,66
1447858031,152
1447858032,66
1447858033,66
1447858034,66
1447858035,66
1447858036,152
1447858037,66
1447858038,66
1447858039,66
1447858040,66
1447858041,152
1447858042,66
1447858043,66
1447858044,66
1447858045,66
1447858046,152
1447858047,66
1447858048,66
1447858049,66
1447858050,66
1447858051,152
1447858052,66
1447858053,66
1447858054,66
1447858055,66
1447858056,86
1447858057,66
1447858058,66
1447858059,66
1447858060,66
1447858061,152
1447858062,66
1447858063,66
1447858064,66
1447858065,66
1447858066,66
1447858067,66
1447858068,66
1447858069,66
1447858070,66
1447858071,152
1447858072,66
1447858073,66
1447858074,66
1447858075,66
1447858076,332
1447858077,426
1447858078,606
1447858079,66
1447858080,156
1447858081,696
1447858082,426
1447858083,246
1447858084,246
1447858085,516
1447858086,516
1447858087,246
1447858088,426
**************************payload****************************
1447857961,360
1447857962,552
1447857963,252
1447857964,252
1447857965,240
1447857966,372
1447857967,300
1447857968,360
1447857969,168
1447857970,240
1447857971,252
1447857972,288
1447857973,216
