**************************overload****************************
1447857845,152
1447857846,66
1447857847,66
1447857848,66
1447857849,66
1447857850,66
1447857851,132
1447857853,66
1447857854,66
1447857855,152
1447857856,66
1447857857,66
1447857858,132
1447857859,66
1447857860,1328
1447857861,6978
1447857862,2430
1447857863,768
1447857864,3090
1447857865,3230
1447857866,1362
1447857867,2064
1447857868,2388
1447857869,1686
1447857870,2042
1447857871,876
1447857872,156
1447857873,66
1447857874,156
1447857875,2474
1447857876,3780
1447857877,846
1447857878,2424
1447857879,2910
1447857880,386
1447857881,156
1447857882,66
1447857883,66
1447857884,246
1447857885,242
1447857886,66
1447857887,66
1447857888,246
1447857889,156
1447857890,152
1447857891,156
1447857892,156
1447857893,156
1447857894,66
1447857895,332
1447857896,66
1447857897,156
1447857898,66
1447857899,246
1447857900,152
1447857901,156
1447857902,66
1447857903,246
1447857904,66
1447857905,242
1447857906,66
1447857907,246
1447857908,66
1447857909,66
1447857910,152
1447857911,66
1447857912,66
1447857913,66
1447857914,66
1447857915,152
1447857916,66
1447857917,66
1447857918,66
1447857919,66
1447857920,152
1447857921,66
1447857923,66
1447857924,66
1447857925,152
1447857926,66
1447857927,66
1447857928,66
1447857929,66
1447857930,152
1447857931,66
1447857932,66
1447857933,66
1447857934,66
1447857935,152
1447857936,66
1447857937,66
1447857938,66
1447857939,66
1447857940,66
1447857941,66
1447857942,66
1447857943,66
1447857944,66
1447857945,152
1447857946,66
1447857947,66
1447857948,66
1447857949,66
1447857950,152
1447857951,66
1447857952,66
1447857953,66
1447857954,66
1447857955,152
1447857956,66
1447857957,66
1447857958,66
1447857959,66
1447857960,152
1447857961,66
1447857962,66
1447857963,66
1447857964,66
1447857965,152
1447857966,66
1447857967,66
1447857968,66
1447857969,66
1447857970,152
1447857971,66
1447857972,66
1447857973,66
1447857974,66
1447857975,152
1447857976,66
1447857977,66
1447857978,66
1447857979,66
1447857980,152
1447857981,66
1447857982,66
1447857983,66
1447857984,66
1447857985,152
1447857986,66
1447857987,66
1447857988,66
1447857989,66
1447857990,152
1447857991,66
1447857992,66
1447857993,66
1447857994,66
1447857995,152
1447857996,66
1447857997,66
1447857998,66
1447857999,66
1447858000,152
1447858001,66
1447858002,66
1447858003,66
1447858004,66
1447858005,152
1447858006,66
1447858007,66
1447858008,66
1447858009,66
1447858010,152
1447858011,66
1447858012,66
1447858013,66
1447858014,66
1447858015,152
1447858016,66
1447858017,66
1447858018,66
1447858020,218
1447858021,66
1447858023,66
1447858024,66
1447858025,152
1447858026,66
1447858027,66
1447858028,66
1447858029,66
1447858030,152
1447858031,66
1447858032,66
1447858033,66
1447858034,66
1447858035,152
1447858036,66
1447858037,66
1447858038,66
1447858039,66
1447858040,152
1447858041,66
1447858042,66
1447858043,66
1447858044,66
1447858045,152
1447858046,66
1447858047,66
1447858048,66
1447858049,66
1447858050,66
1447858051,66
1447858052,66
1447858053,66
1447858054,66
1447858055,152
1447858056,66
1447858057,66
1447858058,66
1447858059,66
1447858060,152
1447858061,66
1447858062,66
1447858063,66
1447858064,66
1447858065,152
1447858066,66
1447858067,66
1447858068,66
1447858069,66
1447858070,152
1447858071,66
1447858072,66
1447858073,66
1447858074,516
1447858075,66
1447858076,606
1447858077,66
1447858078,786
1447858079,66
1447858080,516
1447858081,156
1447858082,516
1447858083,246
1447858084,426
1447858085,246
1447858086,516
1447858087,246
1447858088,516
1447858089,90
**************************payload****************************
1447857860,24330
1447857861,176984
1447857862,65700
1447857863,18703
1447857864,59860
1447857865,81107
1447857866,13140
1447857867,54020
1447857868,40880
1447857869,43800
1447857870,47837
1447857871,18189
1447857875,51491
1447857876,102200
1447857877,20440
1447857878,61320
1447857879,74460
1447857880,307
