**************************overload****************************
1447857847,66
1447857848,66
1447857849,66
1447857850,152
1447857851,66
1447857852,66
1447857853,66
1447857854,66
1447857855,66
1447857856,152
1447857857,66
1447857858,66
1447857859,66
1447857860,1470
1447857861,2064
1447857862,606
1447857863,552
1447857864,2064
1447857865,1448
1447857866,2064
1447857867,1254
1447857868,2766
1447857869,1092
1447857870,1232
1447857871,552
1447857872,156
1447857873,156
1447857874,66
1447857875,1652
1447857876,2622
1447857877,1362
1447857878,804
1447857879,1902
1447857880,1520
1447857881,156
1447857882,66
1447857883,66
1447857884,246
1447857885,242
1447857886,66
1447857887,156
1447857888,156
1447857889,156
1447857890,152
1447857891,246
1447857892,66
1447857893,156
1447857894,66
1447857895,332
1447857896,66
1447857897,156
1447857898,66
1447857899,246
1447857900,152
1447857901,156
1447857902,66
1447857903,246
1447857904,156
1447857905,152
1447857906,66
1447857907,246
1447857908,156
1447857909,66
1447857910,152
1447857911,246
1447857912,156
1447857913,66
1447857914,156
1447857915,242
1447857916,156
1447857917,66
1447857918,246
1447857919,66
1447857920,242
1447857921,66
1447857922,246
1447857923,66
1447857924,156
1447857925,152
1447857926,246
1447857927,66
1447857928,156
1447857929,66
1447857930,332
1447857931,156
1447857932,66
1447857933,66
1447857934,246
1447857935,242
1447857936,66
1447857937,66
1447857938,246
1447857939,156
1447857940,152
1447857941,156
1447857942,156
1447857943,156
1447857944,66
1447857945,332
1447857946,66
1447857947,156
1447857948,66
1447857949,246
1447857950,152
1447857951,156
1447857952,66
1447857953,246
1447857954,66
1447857955,242
1447857956,66
1447857957,246
1447857958,156
1447857959,66
1447857960,152
1447857961,2640
1447857962,2820
1447857963,3510
1447857964,3090
1447857965,2096
1447857966,3954
1447857967,1902
1447857968,3186
1447857969,3306
1447857970,3986
1447857971,2658
1447857972,3198
1447857973,336
1447857974,66
1447857975,66
1447857976,152
1447857977,66
1447857978,66
1447857979,66
1447857980,66
1447857981,152
1447857982,66
1447857983,66
1447857984,66
1447857985,66
1447857986,152
1447857987,66
1447857988,66
1447857989,66
1447857990,66
1447857991,152
1447857992,66
1447857993,66
1447857994,66
1447857995,66
1447857996,152
1447857997,66
1447857998,66
1447857999,66
1447858000,66
1447858001,152
1447858002,66
1447858003,66
1447858004,66
1447858005,66
1447858006,152
1447858007,66
1447858008,66
1447858009,66
1447858010,66
1447858011,152
1447858012,66
1447858013,66
1447858014,66
1447858015,66
1447858016,152
1447858017,66
1447858018,66
1447858019,66
1447858020,66
1447858021,152
1447858022,66
1447858023,66
1447858024,66
1447858025,66
1447858026,152
1447858027,66
1447858028,66
1447858029,66
1447858030,66
1447858031,152
1447858032,66
1447858033,66
1447858034,66
1447858035,66
1447858036,152
1447858037,66
1447858038,66
1447858039,66
1447858040,66
1447858041,152
1447858042,66
1447858043,66
1447858044,66
1447858045,66
1447858046,152
1447858047,66
1447858048,66
1447858049,66
1447858050,66
1447858051,152
1447858052,66
1447858053,66
1447858054,66
1447858055,66
1447858056,152
1447858057,66
1447858058,66
1447858060,66
1447858061,152
1447858062,66
1447858063,66
1447858064,66
1447858065,66
1447858066,152
1447858067,66
1447858068,66
1447858069,66
1447858070,66
1447858071,152
1447858072,66
1447858073,66
1447858074,1056
1447858075,516
1447858076,696
1447858077,156
1447858078,1416
1447858079,516
1447858080,426
1447858081,426
1447858082,786
1447858083,516
1447858084,696
1447858085,516
1447858086,786
1447858087,516
1447858088,876
1447858089,516
1447858090,606
**************************payload****************************
1447857860,354
1447857861,444
1447857862,120
1447857863,108
1447857864,264
1447857865,288
1447857866,264
1447857867,264
1447857868,420
1447857869,228
1447857870,240
1447857871,84
1447857875,432
1447857876,528
1447857877,288
1447857878,144
1447857879,408
1447857880,264
1447857961,64897
1447857962,72255
1447857963,93721
1447857964,78500
1447857965,43178
1447857966,98753
1447857967,46591
1447857968,82429
1447857969,86632
1447857970,103599
1447857971,70080
1447857972,83952
1447857973,5791
