**************************overload****************************
1447860940,66
1447860941,66
1447860942,152
1447860943,66
1447860944,66
1447860945,66
1447860946,66
1447860947,152
1447860948,66
1447860949,66
1447860950,66
1447860951,66
1447860952,152
1447860953,66
1447860954,66
1447860955,66
1447860956,66
1447860957,152
1447860958,66
1447860959,66
1447860960,66
1447860961,66
1447860962,152
1447860963,66
1447860964,66
1447860965,66
1447860966,66
1447860967,152
1447860968,66
1447860969,66
1447860970,246
1447860971,372
1447860972,746
1447860973,8706
1447860974,2442
1447860975,5898
1447860976,15444
1447860977,10922
1447860978,7686
1447860979,10764
1447860980,2412
1447860981,2880
1447860982,7250
1447860983,8208
1447860985,270
1447860987,356
1447860988,90
1447860989,180
1447860990,90
1447860991,180
1447860995,152
1447860996,288
1447860997,480
1447860998,498
1447860999,156
1447861000,332
1447861001,156
1447861002,246
1447861003,246
1447861004,156
1447861005,332
1447861006,156
1447861007,336
1447861008,66
1447861009,336
1447861010,242
1447861011,246
1447861012,156
1447861013,246
1447861014,246
1447861015,242
1447861016,246
1447861017,156
1447861018,246
1447861019,66
1447861020,152
1447861021,66
1447861022,66
1447861023,66
1447861024,66
1447861025,152
1447861026,66
1447861027,66
1447861028,66
1447861029,66
1447861030,152
1447861031,246
1447861032,156
1447861033,336
1447861034,66
1447861035,422
1447861036,156
1447861037,246
1447861038,156
1447861039,246
1447861040,152
1447861041,336
1447861042,246
1447861043,246
1447861044,156
1447861045,422
1447861046,336
1447861047,246
1447861048,156
1447861049,336
1447861050,422
1447861051,156
1447861052,246
1447861053,336
1447861054,246
1447861055,242
1447861056,336
1447861057,336
1447861058,246
1447861059,156
1447861060,422
1447861061,336
1447861062,246
1447861063,156
1447861064,336
1447861065,422
1447861066,156
1447861067,246
1447861068,336
1447861069,336
1447861070,152
1447861071,336
1447861072,336
1447861073,246
1447861074,156
1447861075,422
1447861076,336
1447861077,246
1447861078,156
1447861079,336
1447861080,422
1447861081,246
1447861082,156
1447861083,336
1447861084,336
1447861085,242
1447861086,246
1447861087,336
1447861088,246
1447861089,156
1447861090,356
1447861091,402
1447861092,246
1447861093,156
1447861094,270
1447861095,422
1447861096,246
1447861097,156
1447861098,336
1447861099,336
1447861100,242
1447861101,246
1447861102,336
1447861103,336
1447861104,66
1447861105,422
1447861106,402
1447861107,180
1447861108,156
1447861109,336
1447861110,422
1447861111,246
1447861112,156
1447861113,336
1447861114,336
1447861115,332
1447861116,156
1447861117,336
1447861118,336
1447861119,66
1447861120,422
1447861121,336
1447861122,246
1447861123,156
1447861124,336
1447861125,422
1447861126,246
1447861127,156
1447861128,336
1447861129,336
1447861130,332
1447861131,156
1447861132,336
1447861133,336
1447861134,66
1447861135,332
1447861136,156
1447861137,156
1447861138,66
1447861139,66
1447861140,152
1447861141,66
1447861142,66
1447861143,66
1447861144,66
1447861145,152
1447861146,66
1447861147,66
1447861148,66
1447861149,66
1447861150,152
1447861151,66
1447861152,66
1447861153,66
1447861154,66
1447861155,152
1447861156,66
1447861157,66
1447861158,66
1447861159,66
1447861160,152
1447861161,66
1447861162,66
1447861163,66
1447861164,66
1447861165,152
1447861166,66
1447861167,66
1447861168,66
1447861169,66
1447861170,152
1447861171,66
1447861172,66
1447861173,66
1447861174,66
1447861175,152
1447861176,66
1447861177,66
1447861178,66
1447861179,66
1447861180,152
1447861181,66
1447861182,66
1447861183,66
1447861184,66
1447861185,152
1447861186,66
1447861187,66
1447861188,66
1447861189,66
1447861190,152
1447861191,66
1447861192,66
**************************payload****************************
1447860971,90
1447860972,2986
1447860973,229889
1447860974,56940
1447860975,157680
1447860976,410260
1447860977,290540
1447860978,202940
1447860979,286160
1447860980,62780
1447860981,73000
1447860982,191260
1447860983,213332
1447860996,25
1447860997,90
1447860998,2950
