**************************overload****************************
1447860934,246
1447860935,152
1447860936,336
1447860937,66
1447860938,336
1447860939,66
1447860940,422
1447860941,66
1447860942,156
1447860943,246
1447860944,336
1447860945,152
1447860946,246
1447860947,156
1447860948,336
1447860950,422
1447860951,156
1447860952,246
1447860953,156
1447860954,246
1447860955,332
1447860956,222
1447860957,246
1447860958,90
1447860959,336
1447860960,152
1447860961,336
1447860962,66
1447860963,336
1447860964,156
1447860965,398
1447860966,246
1447860967,156
1447860968,246
1447860969,156
1447860970,422
1447860971,66
1447860972,336
1447860973,66
1447860974,336
1447860975,242
1447860976,246
1447860977,246
1447860978,156
1447860979,246
1447860980,242
1447860981,336
1447860982,66
1447860983,336
1447860984,66
1447860985,422
1447860986,156
1447860987,246
1447860988,90
1447860989,246
1447860990,332
1447860991,156
1447860992,246
1447860993,156
1447860994,336
1447860995,152
1447860996,336
1447860997,156
1447860998,246
1447860999,156
1447861000,332
1447861001,246
1447861002,156
1447861003,246
1447861004,156
1447861005,422
1447861006,66
1447861007,336
1447861008,66
1447861009,336
1447861010,242
1447861011,246
1447861012,246
1447861013,156
1447861014,246
1447861015,242
1447861016,336
1447861017,66
1447861018,336
1447861019,66
1447861020,422
1447861021,156
1447861022,246
1447861023,246
1447861024,156
1447861025,332
1447861026,156
1447861027,246
1447861028,156
1447861029,246
1447861030,152
1447861031,156
1447861032,66
1447861033,66
1447861034,66
1447861035,152
1447861036,66
1447861037,66
1447861038,66
1447861039,66
1447861040,152
1447861041,66
1447861042,66
1447861043,66
1447861044,66
1447861045,152
1447861046,66
1447861047,66
1447861048,66
1447861049,66
1447861050,152
1447861051,66
1447861052,66
1447861053,66
1447861054,66
1447861055,152
1447861056,66
1447861057,66
1447861058,66
1447861059,66
1447861060,152
1447861061,66
1447861062,66
1447861063,66
1447861064,66
1447861065,152
1447861066,66
1447861067,66
1447861068,66
1447861069,66
1447861070,314
1447861071,552
1447861072,2388
1447861073,2064
1447861074,1632
1447861075,1016
1447861076,1542
1447861077,246
1447861078,2010
1447861079,1362
1447861080,1484
1447861081,1506
1447861082,1524
1447861083,1416
1447861084,1578
1447861085,1664
1447861086,1632
1447861087,1308
1447861088,1524
1447861089,66
1447861090,1304
1447861091,1182
1447861092,2118
1447861093,1506
1447861094,1200
1447861095,1430
1447861096,444
1447861097,2550
1447861098,2118
1447861099,1632
1447861100,422
1447861101,66
1447861102,66
1447861103,66
1447861104,66
1447861105,152
1447861106,66
1447861107,66
1447861108,66
1447861109,66
1447861110,152
1447861111,66
1447861112,66
1447861113,66
1447861114,66
1447861115,152
1447861116,66
1447861117,66
1447861118,66
1447861119,66
1447861120,152
1447861121,66
1447861122,66
1447861124,66
1447861125,152
1447861126,66
1447861127,66
1447861128,66
1447861129,66
1447861130,152
1447861131,66
1447861132,66
1447861133,66
1447861134,66
1447861135,152
1447861136,66
1447861137,66
1447861138,66
1447861139,66
1447861140,152
1447861141,66
1447861142,66
1447861143,66
1447861144,66
1447861145,152
1447861146,66
1447861147,66
1447861148,66
1447861149,66
1447861150,152
1447861151,66
1447861152,66
1447861153,66
1447861154,66
1447861155,152
1447861156,66
1447861157,66
1447861158,66
1447861159,66
1447861160,152
1447861161,66
1447861162,66
1447861163,66
1447861164,66
1447861165,152
1447861166,66
1447861167,66
1447861168,66
1447861169,66
1447861170,152
1447861171,66
1447861172,66
1447861173,66
1447861174,66
1447861175,152
1447861176,66
1447861177,66
1447861178,66
1447861179,66
1447861180,152
1447861181,66
1447861182,336
1447861183,66
1447861184,336
1447861185,152
1447861186,426
1447861187,66
1447861188,246
1447861189,66
**************************payload****************************
1447861070,78
1447861071,2149
1447861072,516
1447861073,444
1447861074,348
1447861075,192
1447861076,252
1447861078,312
1447861079,288
1447861080,216
1447861081,300
1447861082,324
1447861083,300
1447861084,336
1447861085,336
1447861086,348
1447861087,276
1447861088,324
1447861090,216
1447861091,108
1447861092,396
1447861093,240
1447861094,252
1447861095,204
1447861096,84
1447861097,968
1447861098,752
1447861099,348
1447861100,60
