**************************overload****************************
1447858591,66
1447858592,66
1447858593,152
1447858594,66
1447858595,66
1447858596,66
1447858597,66
1447858598,152
1447858599,66
1447858600,66
1447858601,66
1447858602,66
1447858603,152
1447858604,66
1447858605,66
1447858606,66
1447858607,66
1447858608,152
1447858609,66
1447858610,66
1447858611,66
1447858612,66
1447858613,152
1447858614,66
1447858615,66
1447858616,66
1447858617,66
1447858618,152
1447858619,66
1447858620,66
1447858621,66
1447858622,66
1447858623,152
1447858624,66
1447858625,66
1447858626,66
1447858627,66
1447858628,152
1447858629,66
1447858630,66
1447858631,660
1447858632,3252
1447858633,3306
1447858634,3360
1447858635,3306
1447858636,10544
1447858640,990
1447858641,2010
1447858642,720
1447858643,1996
1447858644,6372
1447858647,1410
1447858648,1522
1447858649,2028
1447858650,2010
1447858651,2604
1447858652,1736
1447858653,2154
1447858654,2010
1447858655,2826
1447858656,1074
1447858657,2010
1447858658,4116
1447858659,318
1447858660,1808
1447858661,2226
1447858662,5562
1447858664,732
1447858665,588
1447858666,548
1447858667,66
1447858668,156
1447858669,156
1447858670,156
1447858671,1124
1447858672,2046
1447858673,2226
1447858674,1884
1447858675,2010
1447858676,2114
1447858677,3738
1447858678,642
1447858679,2172
1447858680,1908
1447858681,4994
1447858682,630
1447858683,7920
1447858684,18342
1447858685,14256
1447858686,9216
1447858700,656
1447858701,66
1447858702,516
1447858703,66
1447858704,516
1447858705,66
1447858706,66
1447858707,66
1447858708,66
1447858709,66
1447858710,152
1447858711,66
1447858712,66
1447858713,66
1447858714,66
1447858715,152
1447858716,66
1447858717,66
1447858718,66
1447858719,66
1447858720,152
1447858721,66
1447858722,66
1447858723,66
1447858724,66
1447858725,152
1447858726,66
1447858727,66
1447858728,66
1447858729,66
1447858730,152
1447858731,66
1447858732,66
1447858733,66
1447858734,66
1447858735,152
1447858736,66
1447858737,66
1447858738,66
1447858739,66
1447858740,152
1447858741,66
1447858742,66
1447858743,66
1447858744,66
1447858745,152
1447858746,66
1447858747,66
1447858748,66
1447858749,66
1447858750,242
1447858751,156
1447858752,66
1447858753,66
1447858754,156
1447858755,152
1447858756,66
1447858757,66
1447858758,66
1447858759,66
1447858760,152
1447858761,66
1447858762,66
1447858763,66
1447858764,66
1447858765,152
1447858766,66
1447858767,66
1447858768,66
1447858769,66
1447858770,152
1447858771,66
1447858772,66
1447858773,66
1447858774,66
1447858775,152
1447858776,66
1447858777,66
1447858778,66
1447858779,66
1447858780,152
1447858781,66
1447858782,66
1447858783,66
1447858784,66
1447858785,152
1447858786,66
1447858787,66
1447858788,66
1447858789,66
1447858790,152
1447858791,66
1447858792,66
1447858793,66
1447858794,66
1447858795,66
1447858796,66
1447858797,66
1447858798,66
1447858799,156
1447858800,242
1447858801,66
1447858802,66
1447858803,156
1447858804,66
1447858805,152
1447858806,66
1447858807,66
1447858808,66
1447858809,66
1447858810,66
1447858811,66
1447858812,66
1447858813,66
1447858814,66
1447858815,152
1447858816,66
1447858817,66
1447858818,66
1447858819,66
1447858820,152
1447858821,66
1447858822,66
1447858823,66
1447858824,66
1447858825,152
1447858826,66
1447858827,66
1447858828,66
1447858829,66
1447858830,152
1447858831,66
1447858832,66
1447858833,66
1447858834,66
1447858835,152
1447858836,66
1447858837,66
1447858838,66
1447858839,66
1447858840,152
1447858841,66
1447858842,66
1447858843,66
1447858844,66
1447858845,152
1447858846,66
1447858847,66
1447858848,90
1447858849,66
1447858850,242
1447858851,66
1447858852,156
1447858853,66
1447858854,66
1447858855,152
1447858856,66
1447858857,66
1447858858,66
1447858859,66
1447858860,66
1447858861,66
**************************payload****************************
1447858631,9073
1447858632,75429
1447858633,85548
1447858634,89060
1447858635,82679
1447858636,278535
1447858640,13363
1447858641,1460
1447858642,1460
1447858643,51100
1447858644,172280
1447858647,18980
1447858648,36500
1447858649,48180
1447858650,52560
1447858651,68620
1447858652,37960
1447858653,54020
1447858654,52560
1447858655,71540
1447858656,24820
1447858657,52560
1447858658,108185
1447858659,4380
1447858660,42340
1447858661,58400
1447858662,149745
1447858664,13140
1447858665,11680
1447858666,5840
1447858671,26280
1447858672,51100
1447858673,58400
1447858674,46720
1447858675,52560
1447858676,48180
1447858677,99280
1447858678,13140
1447858679,56940
1447858680,46720
1447858681,128480
1447858682,14600
1447858683,211700
1447858684,493480
1447858685,385440
1447858686,246740
1447858700,1460
