**************************overload****************************
1447858593,66
1447858594,66
1447858595,66
1447858596,152
1447858597,66
1447858598,66
1447858599,66
1447858600,66
1447858601,152
1447858602,66
1447858603,66
1447858604,66
1447858605,66
1447858606,152
1447858607,66
1447858608,66
1447858610,132
1447858611,152
1447858612,66
1447858613,66
1447858615,66
1447858616,152
1447858617,66
1447858618,66
1447858619,66
1447858620,66
1447858621,152
1447858622,66
1447858623,66
1447858624,66
1447858625,66
1447858626,152
1447858627,66
1447858628,66
1447858629,66
1447858630,66
1447858631,152
1447858632,66
1447858633,66
1447858634,66
1447858635,66
1447858636,152
1447858637,66
1447858638,66
1447858639,66
1447858640,66
1447858641,152
1447858642,66
1447858643,66
1447858644,66
1447858645,66
1447858646,152
1447858647,66
1447858648,66
1447858649,66
1447858650,66
1447858651,152
1447858652,66
1447858653,66
1447858654,66
1447858655,66
1447858656,152
1447858657,66
1447858658,66
1447858659,66
1447858660,66
1447858661,66
1447858662,66
1447858663,66
1447858664,66
1447858665,66
1447858666,152
1447858667,66
1447858668,66
1447858669,66
1447858670,66
1447858671,152
1447858672,66
1447858673,66
1447858674,66
1447858675,66
1447858676,152
1447858677,66
1447858678,66
1447858679,66
1447858680,66
1447858681,152
1447858682,66
1447858683,66
1447858684,66
1447858685,66
1447858686,152
1447858687,66
1447858688,66
1447858689,66
1447858690,66
1447858691,152
1447858692,66
1447858693,66
1447858694,66
1447858695,66
1447858696,152
1447858697,66
1447858698,66
1447858699,66
1447858700,66
1447858701,152
1447858702,66
1447858703,66
1447858704,66
1447858705,66
1447858706,152
1447858707,66
1447858708,66
1447858709,66
1447858710,66
1447858711,152
1447858712,66
1447858713,66
1447858714,66
1447858715,66
1447858716,152
1447858717,66
1447858718,66
1447858719,66
1447858720,66
1447858721,152
1447858722,66
1447858723,66
1447858724,66
1447858725,66
1447858726,152
1447858727,66
1447858728,66
1447858729,66
1447858730,66
1447858731,152
1447858732,1956
1447858733,2764
1447858734,1740
1447858735,1632
1447858736,1416
1447858737,2150
1447858738,1848
1447858739,2064
1447858740,1578
1447858741,444
1447858742,422
1447858743,2496
1447858744,2604
1447858745,1794
1447858746,2010
1447858747,1880
1447858748,1542
1447858749,624
1447858750,2532
1447858751,1848
1447858752,926
1447858753,1434
1447858754,2550
1447858755,2010
1447858756,1362
1447858757,152
1447858758,66
1447858759,66
1447858760,66
1447858761,66
1447858762,152
1447858763,606
1447858764,606
1447858765,5076
1447858766,4158
1447858767,1436
1447858768,1898
1447858769,1524
1447858770,1416
1447858771,714
1447858772,1880
1447858773,1632
1447858774,2010
1447858775,174
1447858776,66
1447858777,66
1447858778,152
1447858779,66
1447858780,66
1447858781,66
1447858782,66
1447858783,152
1447858784,66
1447858785,66
1447858786,66
1447858787,66
1447858788,152
1447858789,66
1447858790,66
1447858791,66
1447858792,66
1447858793,152
1447858794,66
1447858795,66
1447858796,66
1447858797,66
1447858798,152
1447858799,66
1447858800,66
1447858801,66
1447858802,66
1447858803,152
1447858804,66
1447858805,66
1447858806,66
1447858807,66
1447858808,66
1447858809,66
1447858810,66
1447858811,66
1447858812,66
1447858813,152
1447858814,66
1447858815,66
1447858816,66
1447858817,66
1447858818,152
1447858819,66
1447858820,66
1447858821,66
1447858822,66
1447858823,152
1447858824,66
1447858825,66
1447858826,66
1447858827,66
1447858828,152
1447858829,66
1447858830,66
1447858831,66
1447858832,66
1447858833,152
1447858834,66
1447858835,66
1447858836,66
1447858837,66
1447858838,152
1447858839,66
1447858840,66
1447858841,66
1447858842,66
1447858843,152
1447858844,66
1447858845,66
1447858846,66
1447858847,66
1447858848,152
1447858849,66
1447858850,66
1447858851,66
1447858852,66
1447858853,152
1447858854,66
1447858855,66
1447858856,66
1447858857,66
1447858858,152
1447858859,66
1447858860,66
1447858861,66
1447858862,426
**************************payload****************************
1447858732,420
1447858733,576
1447858734,372
1447858735,348
1447858736,300
1447858737,444
1447858738,396
1447858739,444
1447858740,336
1447858741,36
1447858742,144
1447858743,540
1447858744,564
1447858745,384
1447858746,432
1447858747,384
1447858748,168
1447858749,96
1447858750,348
1447858751,396
1447858752,12
1447858753,264
1447858754,552
1447858755,432
1447858756,288
1447858765,1248
1447858766,924
1447858767,300
1447858768,240
1447858769,324
1447858770,300
1447858771,144
1447858772,384
1447858773,348
1447858774,432
1447858775,24
