**************************overload****************************
1447858857,66
1447858858,66
1447858859,66
1447858860,66
1447858861,152
1447858862,66
1447858863,66
1447858864,66
1447858865,66
1447858866,152
1447858867,66
1447858868,66
1447858869,66
1447858870,66
1447858871,152
1447858872,66
1447858873,66
1447858874,66
1447858875,66
1447858876,66
1447858877,66
1447858878,66
1447858880,66
1447858881,152
1447858882,66
1447858883,66
1447858884,66
1447858885,66
1447858886,152
1447858887,66
1447858888,66
1447858889,66
1447858890,66
1447858891,152
1447858892,66
1447858893,66
1447858894,66
1447858895,66
1447858896,66
1447858897,66
1447858898,66
1447858899,66
1447858900,66
1447858901,152
1447858902,66
1447858903,66
1447858904,66
1447858905,66
1447858906,152
1447858907,66
1447858908,66
1447858909,66
1447858910,66
1447858911,152
1447858912,66
1447858913,66
1447858914,66
1447858915,66
1447858916,152
1447858917,66
1447858918,66
1447858919,66
1447858920,66
1447858921,152
1447858922,66
1447858923,66
1447858924,66
1447858925,66
1447858926,152
1447858927,66
1447858928,66
1447858929,66
1447858930,66
1447858931,152
1447858932,66
1447858933,66
1447858934,66
1447858935,66
1447858936,152
1447858937,66
1447858938,66
1447858939,66
1447858940,66
1447858941,152
1447858942,66
1447858943,66
1447858944,66
1447858945,66
1447858946,152
1447858947,66
1447858948,66
1447858949,66
1447858950,66
1447858951,152
1447858952,66
1447858953,66
1447858954,66
1447858955,66
1447858956,152
1447858957,66
1447858958,66
1447858959,66
1447858960,66
1447858961,152
1447858962,66
1447858963,66
1447858964,66
1447858965,66
1447858966,152
1447858967,66
1447858968,66
1447858969,66
1447858970,66
1447858971,152
1447858972,66
1447858973,66
1447858974,66
1447858975,66
1447858976,152
1447858977,66
1447858978,66
1447858979,66
1447858980,66
1447858981,152
1447858982,66
1447858983,66
1447858984,66
1447858986,218
1447858988,66
1447858989,66
1447858990,66
1447858991,152
1447858992,66
1447858993,66
1447858994,1524
1447858995,2818
1447858996,1448
1447858997,1416
1447858998,1848
1447858999,1848
1447859000,1794
1447859001,1718
1447859002,1794
1447859003,156
1447859004,2046
1447859005,1632
1447859006,2204
1447859007,1776
1447859008,1578
1447859009,1740
1447859010,1902
1447859011,1934
1447859012,1848
1447859013,1038
1447859014,66
1447859015,66
1447859016,1448
1447859017,2658
1447859018,1740
1447859019,2550
1447859020,1686
1447859021,1930
1447859022,2334
1447859023,1630
1447859024,1936
1447859025,928
1447859026,258
1447859027,66
1447859028,66
1447859029,66
1447859030,66
1447859031,152
1447859032,66
1447859033,66
1447859034,66
1447859035,66
1447859036,152
1447859037,66
1447859038,66
1447859039,66
1447859040,66
1447859041,152
1447859042,66
1447859043,66
1447859044,66
1447859045,66
1447859046,152
1447859047,66
1447859048,66
1447859049,66
1447859050,66
1447859051,152
1447859052,66
1447859053,66
1447859054,66
1447859055,66
1447859056,152
1447859057,66
1447859058,66
1447859059,66
1447859060,66
1447859061,152
1447859062,66
1447859063,66
1447859064,66
1447859065,66
1447859066,152
1447859067,66
1447859068,66
1447859069,66
1447859070,66
1447859071,152
1447859072,66
1447859073,66
1447859074,66
1447859075,66
1447859076,152
1447859077,66
1447859078,66
1447859079,66
1447859080,66
1447859081,152
1447859082,66
1447859083,66
1447859084,66
1447859085,66
1447859086,152
1447859087,66
1447859088,66
1447859089,66
1447859090,66
1447859091,152
1447859092,66
1447859093,66
1447859094,66
1447859095,66
1447859096,66
1447859097,66
1447859098,66
1447859099,66
1447859100,66
1447859101,152
1447859102,66
1447859103,66
1447859104,66
1447859105,66
1447859106,152
1447859107,66
1447859108,66
1447859109,66
1447859110,66
1447859111,152
1447859112,66
1447859113,66
1447859114,66
1447859115,180
1447859116,246
**************************payload****************************
1447858994,324
1447858995,588
1447858996,288
1447858997,300
1447858998,396
1447858999,480
1447859000,384
1447859001,348
1447859002,264
1447859004,312
1447859005,348
1447859006,336
1447859007,360
1447859008,336
1447859009,372
1447859010,408
1447859011,396
1447859012,396
1447859013,156
1447859016,372
1447859017,576
1447859018,372
1447859019,900
1447859020,360
1447859021,612
1447859022,504
1447859023,324
1447859024,336
1447859025,168
