**************************overload****************************
1447858859,66
1447858860,66
1447858861,152
1447858862,66
1447858863,66
1447858864,66
1447858865,66
1447858866,152
1447858867,66
1447858868,66
1447858869,66
1447858870,66
1447858871,152
1447858872,66
1447858873,66
1447858874,66
1447858875,66
1447858876,66
1447858877,66
1447858878,66
1447858879,66
1447858880,66
1447858881,152
1447858882,66
1447858883,66
1447858884,66
1447858885,66
1447858886,152
1447858887,66
1447858888,66
1447858889,66
1447858890,66
1447858891,152
1447858892,66
1447858893,66
1447858894,66
1447858895,120
1447858896,66
1447858897,66
1447858898,120
1447858899,66
1447858900,152
1447858901,66
1447858902,66
1447858903,66
1447858904,714
1447858905,1934
1447858906,2658
1447858907,1740
1447858908,3090
1447858909,876
1447858910,66
1447858911,1502
1447858912,2496
1447858913,1254
1447858914,1632
1447858915,1398
1447858916,1124
1447858917,534
1447858918,66
1447858919,1974
1447858920,714
1447858921,1754
1447858922,1416
1447858923,732
1447858924,1182
1447858925,1578
1447858926,944
1447858927,588
1447858928,1506
1447858929,156
1447858930,156
1447858931,1668
1447858932,66
1447858933,1628
1447858934,1650
1447858935,1326
1447858936,1182
1447858937,1308
1447858938,858
1447858939,1578
1447858940,1758
1447858941,368
1447858942,912
1447858943,1074
1447858944,1830
1447858945,1128
1447858946,368
1447858947,462
1447858948,588
1447858949,390
1447858950,156
1447858951,1592
1447858952,9720
1447858953,11136
1447858954,156
1447858955,156
1447858956,11046
1447858957,156
1447858958,246
1447858959,66
1447858960,156
1447858961,242
1447858962,156
1447858963,156
1447858964,156
1447858965,156
1447858966,152
1447858967,156
1447858968,180
1447858969,132
1447858970,156
1447858971,176
1447858972,156
1447858973,66
1447858974,246
1447858975,156
1447858976,152
1447858977,156
1447858978,156
1447858979,156
1447858980,156
1447858981,242
1447858982,156
1447858983,66
1447858984,246
1447858985,156
1447858986,152
1447858987,156
1447858988,156
1447858989,156
1447858990,156
1447858991,242
1447858992,156
1447858993,66
1447858994,1938
1447858995,3090
1447858996,2604
1447858997,2388
1447858998,3306
1447858999,2280
1447859000,3198
1447859001,3176
1447859002,2712
1447859003,120
1447859004,2550
1447859005,2712
1447859006,3122
1447859007,2820
1447859008,2766
1447859009,2982
1447859010,3036
1447859011,3230
1447859012,3090
1447859013,1146
1447859014,66
1447859015,66
1447859016,2042
1447859017,2970
1447859018,3522
1447859019,2064
1447859020,3702
1447859021,1826
1447859022,4332
1447859023,2658
1447859024,2442
1447859025,2262
1447859026,152
1447859027,66
1447859028,66
1447859029,66
1447859030,66
1447859031,152
1447859032,66
1447859033,66
1447859034,66
1447859035,66
1447859036,152
1447859037,66
1447859038,66
1447859039,66
1447859040,66
1447859041,152
1447859042,66
1447859043,66
1447859044,66
1447859045,66
1447859046,152
1447859048,132
1447859049,66
1447859051,218
1447859052,66
1447859054,132
1447859055,66
1447859056,152
1447859057,66
1447859059,66
1447859060,66
1447859061,152
1447859062,66
1447859063,66
1447859064,66
1447859065,66
1447859066,152
1447859067,66
1447859068,66
1447859069,66
1447859070,66
1447859071,152
1447859072,66
1447859073,66
1447859074,66
1447859075,66
1447859076,152
1447859077,66
1447859078,66
1447859079,66
1447859080,66
1447859081,152
1447859082,66
1447859083,66
1447859084,66
1447859085,66
1447859086,152
1447859087,66
1447859088,66
1447859089,66
1447859090,66
1447859091,152
1447859092,66
1447859093,66
1447859094,66
1447859095,66
1447859096,66
1447859097,66
1447859098,66
1447859099,66
1447859100,66
1447859101,152
1447859102,66
1447859103,66
1447859104,66
1447859105,66
1447859106,152
1447859107,66
1447859108,66
1447859109,66
1447859110,66
1447859111,152
1447859112,66
1447859113,66
1447859114,66
1447859115,66
1447859116,152
1447859117,696
**************************payload****************************
1447858895,20
1447858898,20
1447858904,186
1447858905,396
1447858906,576
1447858907,372
1447858908,120
1447858911,384
1447858912,360
1447858913,264
1447858914,348
1447858915,276
1447858916,216
1447858917,84
1447858919,396
1447858920,144
1447858921,336
1447858922,300
1447858923,108
1447858924,228
1447858925,336
1447858926,156
1447858927,96
1447858928,300
1447858931,336
1447858933,108
1447858934,192
1447858935,240
1447858936,228
1447858937,96
1447858938,156
1447858939,336
1447858940,336
1447858941,48
1447858942,168
1447858943,204
1447858944,372
1447858945,216
1447858946,48
1447858947,48
1447858948,96
1447858949,72
1447858994,40758
1447858995,76630
1447858996,62675
1447858997,51647
1447858998,83707
1447858999,58534
1447859000,76894
1447859001,78049
1447859002,69939
1447859003,1460
1447859004,67160
1447859005,71509
1447859006,77280
1447859007,74460
1447859008,72665
1447859009,65355
1447859010,66693
1447859011,69613
1447859012,66916
1447859013,25371
1447859016,37337
1447859017,79121
1447859018,86862
1447859019,54020
1447859020,64240
1447859021,45260
1447859022,85774
1447859023,64979
1447859024,63003
1447859025,41254
