**************************overload****************************
1447857915,152
1447857916,336
1447857917,66
1447857918,336
1447857919,156
1447857920,332
1447857921,66
1447857922,336
1447857923,66
1447857924,336
1447857925,152
1447857926,336
1447857927,66
1447857928,336
1447857929,66
1447857930,422
1447857931,156
1447857932,246
1447857933,246
1447857934,156
1447857935,332
1447857936,156
1447857937,246
1447857938,156
1447857939,336
1447857940,152
1447857941,336
1447857942,156
1447857943,246
1447857944,156
1447857945,332
1447857946,246
1447857947,156
1447857948,246
1447857949,156
1447857950,422
1447857951,66
1447857952,270
1447857953,132
1447857954,336
1447857955,242
1447857956,246
1447857957,246
1447857958,90
1447857959,246
1447857960,242
1447857961,336
1447857962,66
1447857963,336
1447857964,66
1447857965,422
1447857966,156
1447857967,246
1447857968,246
1447857969,222
1447857970,332
1447857971,156
1447857972,246
1447857973,156
1447857974,336
1447857975,86
1447857976,336
1447857977,156
1447857978,246
1447857979,156
1447857980,332
1447857981,246
1447857982,156
1447857983,246
1447857984,156
1447857985,422
1447857986,66
1447857987,336
1447857988,156
1447857989,246
1447857990,242
1447857991,246
1447857992,246
1447857993,156
1447857994,246
1447857995,242
1447857996,336
1447857997,66
1447857998,336
1447857999,66
1447858000,422
1447858001,156
1447858002,246
1447858003,246
1447858004,156
1447858005,332
1447858006,156
1447858007,336
1447858008,66
1447858009,336
1447858010,152
1447858011,336
1447858012,156
1447858013,246
1447858014,156
1447858015,332
1447858016,246
1447858017,156
1447858018,156
1447858019,156
1447858020,156
**************************payload****************************
