**************************overload****************************
1447857918,336
1447857919,152
1447857920,426
1447857921,66
1447857922,246
1447857923,66
1447857924,422
1447857925,66
1447857926,336
1447857927,66
1447857928,336
1447857929,242
1447857930,246
1447857931,246
1447857932,156
1447857933,246
1447857934,242
1447857935,336
1447857936,156
1447857937,246
1447857938,246
1447857939,242
1447857940,246
1447857941,156
1447857942,336
1447857943,66
1447857944,422
1447857945,246
1447857946,156
1447857947,246
1447857948,156
1447857949,422
1447857950,66
1447857951,336
1447857952,156
1447857953,246
1447857954,332
1447857955,156
1447857956,246
1447857957,696
1447857958,1470
1447857959,2078
1447857960,2082
1447857961,1974
1447857962,1236
1447857963,570
1447857964,242
1447857965,336
1447857966,156
1447857967,246
1447857968,246
1447857969,242
1447857970,246
1447857971,156
1447857972,336
1447857973,156
1447857974,332
1447857975,246
1447857976,156
1447857977,246
1447857978,156
1447857979,422
1447857980,156
1447857981,246
1447857982,246
1447857983,156
1447857984,332
1447857985,156
1447857986,336
1447857987,66
1447857988,336
1447857989,332
1447857990,156
1447857991,246
1447857992,156
1447857993,336
1447857994,152
1447857995,336
1447857996,246
1447857997,156
1447857998,246
1447857999,242
1447858000,336
1447858001,66
1447858002,336
1447858003,156
1447858004,332
1447858005,246
1447858006,156
1447858007,246
1447858008,156
1447858009,422
1447858010,156
1447858011,246
1447858012,246
1447858013,156
1447858014,332
1447858015,156
1447858016,336
1447858017,156
1447858018,246
1447858019,242
1447858020,156
1447858021,120
1447858022,90
**************************payload****************************
1447857957,3177
1447857958,252
1447857959,408
1447857960,408
1447857961,384
1447857962,240
1447857963,72
1447858021,12
