**************************overload****************************
1447857920,66
1447857921,152
1447857922,66
1447857923,66
1447857924,66
1447857925,66
1447857926,152
1447857927,66
1447857928,66
1447857929,66
1447857930,66
1447857931,152
1447857932,66
1447857933,66
1447857934,66
1447857935,66
1447857936,152
1447857937,66
1447857938,66
1447857939,66
1447857940,66
1447857941,152
1447857942,66
1447857943,66
1447857944,66
1447857945,66
1447857946,152
1447857947,66
1447857948,66
1447857949,66
1447857950,66
1447857951,152
1447857952,66
1447857953,66
1447857954,66
1447857955,66
1447857956,242
1447857957,588
1447857958,1848
1447857959,2550
1447857960,3204
1447857961,3576
1447857962,1754
1447857963,570
1447857964,156
1447857965,336
1447857966,156
1447857967,332
1447857968,246
1447857969,156
1447857970,246
1447857971,156
1447857972,422
1447857973,156
1447857974,246
1447857975,246
1447857976,156
1447857977,332
1447857978,156
1447857979,336
1447857980,156
1447857981,246
1447857982,332
1447857983,156
1447857984,246
1447857985,156
1447857986,336
1447857987,242
1447857988,246
1447857989,246
1447857990,156
1447857991,246
1447857992,242
1447857993,336
1447857994,66
1447857995,336
1447857996,246
1447857997,242
1447857998,246
1447857999,156
1447858000,336
1447858001,66
1447858002,422
1447858003,156
1447858004,246
1447858005,246
1447858006,156
1447858007,422
1447858008,66
1447858009,336
1447858010,156
1447858011,246
1447858012,332
1447858013,156
1447858014,246
1447858015,156
1447858016,336
1447858017,242
1447858018,246
1447858019,156
1447858020,156
1447858021,120
1447858022,210
**************************payload****************************
1447857957,3736
1447857958,34695
1447857959,63449
1447857960,81760
1447857961,87600
1447857962,35262
1447857963,7426
1447858021,12
1447858022,12
