**************************overload****************************
1447858334,66
1447858335,152
1447858336,66
1447858337,66
1447858338,66
1447858339,66
1447858340,152
1447858341,66
1447858342,66
1447858343,66
1447858344,66
1447858345,152
1447858346,66
1447858347,66
1447858348,66
1447858349,66
1447858350,152
1447858351,66
1447858352,66
1447858353,66
1447858354,66
1447858355,152
1447858356,66
1447858357,66
1447858358,66
1447858359,66
1447858360,152
1447858361,66
1447858362,66
1447858363,66
1447858364,66
1447858365,152
1447858366,66
1447858367,66
1447858368,66
1447858369,66
1447858370,152
1447858371,66
1447858372,66
1447858373,66
1447858374,66
1447858375,962
1447858376,10380
1447858377,1578
1447858378,66
1447858379,5544
1447858380,6188
1447858384,1314
1447858385,1106
1447858386,652
1447858387,7614
1447858388,3294
1447858392,660
1447858393,978
1447858394,422
1447858395,6966
1447858398,2374
1447858399,10260
1447858400,12830
1447858401,12852
1447858402,6642
1447858403,54
1447858404,54
1447858406,54
1447858411,54
1447858418,242
1447858419,504
1447858420,786
1447858422,226
1447858423,1686
1447858424,1956
1447858425,1988
1447858426,2190
1447858427,2100
1447858428,2160
1447858429,2064
1447858430,152
1447858431,66
1447858432,156
1447858433,156
1447858434,66
1447858435,66
1447858436,246
1447858437,156
1447858438,66
1447858439,156
1447858440,332
1447858441,156
1447858442,66
1447858443,246
1447858444,156
1447858445,242
1447858446,156
1447858447,156
1447858448,156
1447858449,156
1447858450,242
1447858451,246
1447858452,66
1447858453,156
1447858454,246
1447858455,152
1447858456,156
1447858457,246
1447858458,156
1447858459,66
1447858460,332
1447858461,156
1447858462,156
1447858463,156
1447858464,156
1447858465,242
1447858466,156
1447858467,156
1447858468,246
1447858469,66
1447858470,242
1447858471,246
1447858472,156
1447858473,66
1447858474,246
1447858475,242
1447858476,156
1447858477,156
1447858478,156
1447858479,156
1447858480,242
1447858481,156
1447858482,246
1447858483,66
1447858484,156
1447858485,332
1447858486,66
1447858487,156
1447858488,246
1447858489,156
1447858490,152
1447858491,246
1447858492,156
1447858493,156
1447858494,156
1447858495,242
1447858496,156
1447858497,156
1447858498,156
1447858499,246
1447858500,152
1447858501,156
1447858502,246
1447858503,156
1447858504,66
1447858505,332
1447858506,156
1447858507,66
1447858508,246
1447858509,156
1447858510,242
1447858511,156
1447858512,156
1447858513,156
1447858514,156
1447858515,242
1447858516,246
1447858517,66
1447858518,156
1447858519,246
1447858520,242
1447858521,66
1447858522,180
1447858523,156
1447858524,156
1447858525,242
1447858526,156
1447858527,156
1447858528,156
1447858529,156
1447858530,332
1447858531,66
1447858532,156
1447858533,246
1447858534,66
1447858535,242
1447858536,246
1447858537,156
1447858538,66
1447858539,246
1447858540,242
1447858541,156
1447858542,156
1447858543,156
1447858544,156
1447858545,242
1447858546,156
1447858547,246
1447858548,66
1447858549,156
1447858550,332
1447858551,156
1447858552,66
1447858553,246
1447858554,156
1447858555,152
1447858556,246
1447858557,156
1447858558,156
1447858559,156
1447858560,242
1447858561,156
1447858562,156
1447858563,156
1447858564,246
1447858565,152
1447858566,156
1447858567,246
1447858568,156
1447858569,66
1447858570,332
1447858571,156
1447858572,156
1447858573,156
1447858574,156
1447858575,242
1447858576,156
1447858577,156
1447858578,246
1447858579,66
1447858580,242
1447858581,246
1447858582,66
1447858583,156
1447858584,246
1447858585,242
1447858586,66
1447858587,246
1447858588,156
1447858589,156
1447858590,242
1447858591,156
1447858592,156
1447858593,156
1447858594,156
1447858595,332
1447858596,66
1447858597,156
**************************payload****************************
1447858375,16361
1447858376,277834
1447858377,18854
1447858379,146223
1447858380,163828
1447858384,14823
1447858385,1460
1447858386,4380
1447858387,205860
1447858388,87908
1447858392,1460
1447858393,13363
1447858394,1460
1447858395,188340
1447858398,61043
1447858399,277400
1447858400,344560
1447858401,347480
1447858402,179580
1447858403,1460
1447858404,1460
1447858406,1460
1447858411,1460
1447858419,8760
1447858422,1460
1447858423,36500
1447858424,43800
1447858425,49640
1447858426,52560
1447858427,52560
1447858428,58400
1447858429,54020
