**************************overload****************************
1447858330,66
1447858331,66
1447858332,66
1447858333,66
1447858334,152
1447858335,66
1447858336,66
1447858337,66
1447858338,66
1447858339,152
1447858340,66
1447858341,66
1447858342,66
1447858343,66
1447858344,152
1447858345,66
1447858346,66
1447858347,66
1447858348,66
1447858349,152
1447858350,66
1447858351,66
1447858352,66
1447858353,66
1447858354,152
1447858355,66
1447858356,66
1447858357,66
1447858358,66
1447858359,152
1447858360,66
1447858361,66
1447858362,66
1447858363,66
1447858364,152
1447858365,66
1447858366,66
1447858367,66
1447858368,66
1447858369,152
1447858370,66
1447858371,66
1447858372,66
1447858373,66
1447858374,152
1447858375,66
1447858376,66
1447858377,66
1447858378,66
1447858379,152
1447858380,66
1447858381,66
1447858382,66
1447858383,66
1447858384,152
1447858385,66
1447858386,66
1447858387,66
1447858388,66
1447858389,152
1447858390,66
1447858391,66
1447858392,66
1447858393,66
1447858394,152
1447858395,66
1447858396,66
1447858397,66
1447858398,66
1447858399,152
1447858400,66
1447858401,66
1447858402,66
1447858403,66
1447858404,152
1447858405,66
1447858406,66
1447858407,66
1447858408,66
1447858409,152
1447858410,66
1447858411,66
1447858412,66
1447858413,66
1447858414,152
1447858415,66
1447858416,66
1447858417,66
1447858418,66
1447858419,152
1447858420,66
1447858421,66
1447858422,66
1447858423,66
1447858424,152
1447858425,66
1447858426,66
1447858427,66
1447858428,66
1447858429,152
1447858430,66
1447858431,66
1447858432,66
1447858433,66
1447858434,152
1447858435,66
1447858436,66
1447858437,66
1447858438,66
1447858439,152
1447858440,66
1447858441,66
1447858442,66
1447858443,66
1447858444,152
1447858445,66
1447858446,66
1447858447,66
1447858448,66
1447858449,66
1447858450,66
1447858451,66
1447858452,66
1447858453,66
1447858454,152
1447858455,66
1447858456,66
1447858457,66
1447858458,66
1447858459,152
1447858460,66
1447858461,66
1447858462,66
1447858463,66
1447858464,152
1447858465,66
1447858466,66
1447858467,66
1447858468,66
1447858469,152
1447858470,66
1447858471,66
1447858472,66
1447858473,66
1447858474,152
1447858475,66
1447858476,1794
1447858477,2712
1447858478,1576
1447858479,1448
1447858480,1686
1447858481,1578
1447858482,1578
1447858483,1740
1447858484,1772
1447858485,1686
1447858486,1578
1447858487,1146
1447858488,1902
1447858489,1286
1447858490,1632
1447858491,1326
1447858492,966
1447858493,1686
1447858494,2096
1447858495,1992
1447858496,1920
1447858497,1470
1447858498,1740
1447858499,1200
1447858500,1880
1447858501,1902
1447858502,3090
1447858503,66
1447858504,1200
1447858505,4094
1447858506,1578
1447858507,66
1447858508,66
1447858509,66
1447858510,152
1447858511,66
1447858512,66
1447858513,66
1447858514,66
1447858515,152
1447858516,66
1447858517,66
1447858518,66
1447858519,66
1447858520,152
1447858521,66
1447858522,66
1447858523,66
1447858524,66
1447858525,152
1447858526,66
1447858527,66
1447858528,66
1447858529,66
1447858530,152
1447858531,66
1447858532,66
1447858533,66
1447858534,66
1447858535,152
1447858536,66
1447858537,66
1447858538,66
1447858539,66
1447858540,152
1447858541,66
1447858542,66
1447858543,66
1447858544,66
1447858545,152
1447858546,66
1447858547,66
1447858548,66
1447858549,66
1447858550,152
1447858551,66
1447858552,66
1447858553,66
1447858554,66
1447858555,152
1447858556,66
1447858557,66
1447858558,66
1447858560,152
1447858561,66
1447858562,66
1447858563,132
1447858565,152
1447858566,66
1447858567,66
1447858568,66
1447858569,66
1447858570,152
1447858571,66
1447858572,66
1447858573,66
1447858574,66
1447858575,152
1447858576,66
1447858577,66
1447858578,66
1447858579,66
1447858580,152
1447858581,66
1447858582,66
1447858583,66
1447858584,66
1447858585,152
1447858586,66
1447858587,66
1447858588,66
1447858589,66
1447858590,152
1447858591,66
1447858592,66
1447858593,66
1447858594,246
1447858595,246
**************************payload****************************
1447858476,384
1447858477,588
1447858478,312
1447858479,288
1447858480,360
1447858481,336
1447858482,336
1447858483,372
1447858484,360
1447858485,360
1447858486,336
1447858487,240
1447858488,408
1447858489,252
1447858490,348
1447858494,444
1447858495,168
1447858496,252
1447858497,312
1447858498,372
1447858499,252
1447858500,384
1447858501,408
1447858502,672
1447858504,252
1447858505,900
1447858506,336
