**************************overload****************************
1447858332,66
1447858333,66
1447858334,152
1447858335,66
1447858336,66
1447858337,66
1447858338,66
1447858339,152
1447858340,66
1447858341,66
1447858342,66
1447858343,66
1447858344,66
1447858345,66
1447858346,66
1447858347,66
1447858348,66
1447858349,152
1447858350,66
1447858351,66
1447858352,66
1447858353,66
1447858354,152
1447858355,66
1447858356,66
1447858357,66
1447858358,66
1447858359,152
1447858360,66
1447858361,66
1447858362,66
1447858363,66
1447858364,152
1447858365,66
1447858366,66
1447858367,66
1447858368,66
1447858369,152
1447858370,66
1447858371,66
1447858372,66
1447858373,66
1447858374,152
1447858375,282
1447858376,6816
1447858377,1146
1447858378,66
1447858379,2172
1447858380,1340
1447858381,876
1447858382,66
1447858383,156
1447858384,1056
1447858385,246
1447858386,1218
1447858387,2244
1447858388,1596
1447858389,246
1447858390,152
1447858391,246
1447858392,246
1447858393,1236
1447858394,246
1447858395,3446
1447858396,552
1447858397,1056
1447858398,1578
1447858399,2604
1447858400,2582
1447858401,2172
1447858402,2208
1447858403,246
1447858404,786
1447858405,242
1447858406,606
1447858407,336
1447858408,156
1447858409,246
1447858410,242
1447858411,246
1447858412,66
1447858413,336
1447858414,66
1447858415,422
1447858416,66
1447858417,336
1447858418,66
1447858419,408
1447858420,242
1447858421,246
1447858422,156
1447858423,1020
1447858424,1326
1447858425,1502
1447858426,1200
1447858427,1362
1447858428,984
1447858429,1704
1447858430,1952
1447858431,1956
1447858432,606
1447858433,876
1447858434,1776
1447858435,242
1447858436,156
1447858437,246
1447858438,66
1447858439,336
1447858440,152
1447858441,336
1447858442,66
1447858443,336
1447858444,66
1447858445,332
1447858446,156
1447858447,246
1447858448,156
1447858449,90
1447858450,332
1447858451,156
1447858452,246
1447858453,66
1447858454,336
1447858455,152
1447858456,336
1447858457,66
1447858458,336
1447858459,66
1447858460,332
1447858461,156
1447858462,156
1447858463,246
1447858464,156
1447858465,332
1447858466,66
1447858467,336
1447858468,66
1447858469,336
1447858470,152
1447858471,336
1447858472,66
1447858473,246
1447858474,156
1447858475,332
1447858476,2172
1447858477,3036
1447858478,3072
1447858479,3036
1447858480,2712
1447858481,2928
1447858482,3198
1447858483,3090
1447858484,3446
1447858485,4278
1447858486,1578
1447858487,3726
1447858488,4332
1447858489,2084
1447858490,4818
1447858491,120
1447858492,66
1447858493,228
1447858494,3078
1447858495,3176
1447858496,3252
1447858497,1944
1447858498,3198
1447858499,3090
1447858500,3230
1447858501,3144
1447858502,8166
1447858503,108
1447858504,1254
1447858505,10466
1447858506,8706
1447858507,66
1447858508,66
1447858509,66
1447858510,152
1447858511,66
1447858512,66
1447858513,66
1447858514,66
1447858515,152
1447858516,66
1447858517,66
1447858518,66
1447858519,66
1447858520,152
1447858521,66
1447858522,66
1447858523,66
1447858525,152
1447858526,66
1447858527,66
1447858528,132
1447858529,66
1447858530,152
1447858531,66
1447858533,66
1447858534,66
1447858535,152
1447858536,66
1447858537,66
1447858538,66
1447858539,66
1447858540,152
1447858541,66
1447858542,66
1447858543,66
1447858544,66
1447858545,152
1447858546,66
1447858547,66
1447858548,66
1447858549,66
1447858550,152
1447858551,66
1447858552,66
1447858553,66
1447858554,66
1447858555,152
1447858556,66
1447858557,66
1447858558,66
1447858559,66
1447858560,152
1447858561,66
1447858562,66
1447858563,66
1447858564,66
1447858565,152
1447858566,66
1447858567,66
1447858568,66
1447858569,66
1447858570,152
1447858571,66
1447858572,66
1447858573,66
1447858574,66
1447858575,152
1447858576,66
1447858577,66
1447858578,66
1447858579,66
1447858580,152
1447858581,66
1447858582,66
1447858583,66
1447858584,66
1447858585,66
1447858586,66
1447858587,66
1447858588,66
1447858589,66
1447858590,152
1447858591,66
1447858592,66
1447858593,66
1447858594,66
1447858595,152
1447858596,606
**************************payload****************************
1447858375,90
1447858376,2004
1447858377,60
1447858379,288
1447858380,264
1447858386,48
1447858387,444
1447858388,180
1447858395,504
1447858396,48
1447858398,360
1447858399,708
1447858400,480
1447858401,468
1447858402,336
1447858419,48
1447858423,192
1447858424,240
1447858425,300
1447858426,192
1447858427,288
1447858428,144
1447858429,204
1447858476,48492
1447858477,68141
1447858478,72684
1447858479,72696
1447858480,60500
1447858481,65010
1447858482,77287
1447858483,69601
1447858484,79164
1447858485,108872
1447858486,40880
1447858487,91928
1447858488,110028
1447858489,54020
1447858490,122475
1447858491,1460
1447858493,4380
1447858494,83220
1447858495,81183
1447858496,81192
1447858497,52560
1447858498,79637
1447858499,71142
1447858500,69613
1447858501,69613
1447858502,208318
1447858503,2920
1447858504,32120
1447858505,276833
1447858506,231575
