**************************overload****************************
1447857836,66
1447857837,66
1447857838,66
1447857839,152
1447857841,66
1447857842,66
1447857843,66
1447857844,152
1447857845,66
1447857846,66
1447857847,66
1447857848,66
1447857849,152
1447857850,66
1447857851,66
1447857852,66
1447857853,66
1447857854,152
1447857855,66
1447857856,66
1447857857,1468
1447857858,3252
1447857859,4602
1447857860,2172
1447857861,3882
1447857862,1952
1447857863,2712
1447857864,1578
1447857865,2430
1447857866,1848
1447857867,2064
1447857868,2280
1447857869,5660
1447857871,264
1447857872,2196
1447857873,278
1447857874,1094
1447857875,1036
1447857876,2226
1447857877,5034
1447857879,1274
1447857880,2214
1447857881,654
1447857882,1306
1447857883,2136
1447857884,2064
1447857885,2736
1447857886,546
1447857887,1792
1447857888,2712
1447857889,1464
1447857890,1848
1447857891,2376
1447857892,1722
1447857893,2334
1447857894,2006
1447857895,2100
1447857896,2064
1447857897,2160
1447857898,1974
1447857899,2172
1447857900,2024
1447857901,2064
1447857902,2190
1447857903,7236
1447857904,8532
1447857905,14364
1447857906,12258
1447857907,21114
1447857908,22356
1447857909,11394
1447857921,1772
1447857922,66
1447857923,966
1447857924,66
1447857925,966
1447857926,66
1447857927,66
1447857928,66
1447857929,66
1447857930,66
1447857931,152
1447857932,66
1447857933,66
1447857934,66
1447857935,66
1447857936,152
1447857937,66
1447857938,66
1447857939,66
1447857940,66
1447857941,152
1447857942,66
1447857943,66
1447857944,66
1447857945,66
1447857946,152
1447857947,66
1447857948,66
1447857949,66
1447857950,66
1447857951,152
1447857952,66
1447857953,66
1447857954,66
1447857956,242
1447857957,66
1447857958,156
1447857959,66
1447857960,156
1447857961,152
1447857962,66
1447857963,66
1447857964,66
1447857965,66
1447857966,152
1447857967,66
1447857968,66
1447857969,66
1447857970,66
1447857971,152
1447857972,66
1447857973,66
1447857974,66
1447857975,66
1447857976,152
1447857977,66
1447857978,66
1447857979,66
1447857980,66
1447857981,152
1447857982,66
1447857983,66
1447857984,66
1447857985,66
1447857986,152
1447857987,66
1447857988,66
1447857989,66
1447857990,66
1447857991,242
1447857992,66
1447857993,156
1447857994,66
1447857995,156
1447857996,152
1447857997,66
1447857998,66
1447857999,66
1447858000,66
1447858001,152
1447858002,66
1447858003,66
1447858004,66
1447858005,66
1447858006,152
1447858007,66
1447858008,66
1447858009,66
1447858010,66
1447858011,152
1447858012,66
1447858013,66
1447858014,66
1447858015,66
1447858016,152
1447858017,66
1447858018,66
1447858019,66
1447858020,66
1447858021,152
1447858022,66
1447858023,66
1447858024,66
1447858025,66
1447858026,242
1447858027,156
1447858028,66
1447858029,66
1447858030,156
1447858031,152
1447858032,66
1447858033,66
1447858034,66
1447858035,66
1447858036,152
1447858037,66
1447858038,66
1447858039,66
1447858040,66
1447858041,152
1447858042,66
1447858043,66
1447858044,66
1447858045,66
1447858046,152
1447858047,66
1447858048,66
1447858049,66
1447858050,66
1447858051,152
1447858052,66
1447858053,66
1447858054,66
1447858055,66
1447858056,152
1447858057,66
1447858058,66
1447858060,66
1447858061,242
1447858062,156
1447858063,66
1447858064,66
1447858065,156
1447858066,66
1447858067,66
1447858068,66
1447858069,66
1447858070,66
1447858071,152
1447858072,66
1447858073,66
1447858074,66
1447858075,66
1447858076,152
1447858077,66
1447858078,66
1447858079,66
**************************payload****************************
1447857857,26816
1447857858,86140
1447857859,122640
1447857860,56940
1447857861,100740
1447857862,29200
1447857863,49640
1447857864,40880
1447857865,65700
1447857866,26280
1447857867,54020
1447857868,59860
1447857869,148920
1447857871,2920
1447857872,56940
1447857875,23360
1447857876,58400
1447857877,134320
1447857879,32120
1447857880,59860
1447857882,30660
1447857883,51100
1447857884,54020
1447857885,71540
1447857886,4380
1447857887,43800
1447857888,71540
1447857889,27740
1447857890,48180
1447857891,64240
1447857892,42340
1447857893,61320
1447857894,45260
1447857895,52560
1447857896,54020
1447857897,58400
1447857898,46720
1447857899,56940
1447857900,48180
1447857901,54020
1447857902,52560
1447857903,195640
1447857904,230680
1447857905,388360
1447857906,331420
1447857907,570860
1447857908,604440
1447857909,308060
1447857921,14600
