**************************overload****************************
1447860666,66
1447860667,66
1447860668,66
1447860669,66
1447860670,66
1447860671,66
1447860672,66
1447860673,66
1447860674,66
1447860675,152
1447860676,66
1447860677,66
1447860678,66
1447860679,66
1447860680,152
1447860681,66
1447860682,66
1447860683,66
1447860684,66
1447860685,152
1447860686,66
1447860687,66
1447860688,66
1447860689,66
1447860690,152
1447860691,66
1447860692,66
1447860693,66
1447860694,66
1447860695,152
1447860696,66
1447860697,66
1447860698,66
1447860699,66
1447860700,152
1447860701,66
1447860702,66
1447860703,66
1447860704,66
1447860705,152
1447860706,66
1447860707,66
1447860708,66
1447860709,66
1447860710,152
1447860711,66
1447860712,66
1447860713,66
1447860714,66
1447860715,152
1447860716,66
1447860717,66
1447860718,66
1447860719,66
1447860720,152
1447860721,66
1447860722,66
1447860723,66
1447860724,66
1447860725,152
1447860726,66
1447860727,66
1447860728,66
1447860729,66
1447860730,152
1447860731,66
1447860732,66
1447860733,66
1447860734,66
1447860735,152
1447860736,66
1447860737,66
1447860738,66
1447860739,66
1447860740,152
1447860741,66
1447860742,66
1447860743,66
1447860744,66
1447860745,152
1447860746,66
1447860747,66
1447860748,66
1447860749,66
1447860750,152
1447860751,66
1447860752,66
1447860753,66
1447860754,66
1447860755,152
1447860756,66
1447860757,66
1447860758,66
1447860759,66
1447860760,152
1447860762,66
1447860763,66
1447860764,66
1447860765,152
1447860766,132
1447860768,66
1447860769,66
1447860770,152
1447860771,66
1447860772,66
1447860773,66
1447860774,66
1447860775,152
1447860776,66
1447860777,66
1447860778,66
1447860779,66
1447860780,152
1447860781,66
1447860782,66
1447860783,66
1447860784,66
1447860785,152
1447860786,66
1447860787,66
1447860788,66
1447860789,66
1447860790,152
1447860791,66
1447860792,66
1447860793,66
1447860794,66
1447860795,66
1447860796,66
1447860797,66
1447860798,66
1447860799,66
1447860800,152
1447860801,66
1447860802,66
1447860803,66
1447860804,66
1447860805,152
1447860806,66
1447860807,66
1447860808,66
1447860809,66
1447860810,172
1447860811,66
1447860812,2118
1447860813,2604
1447860814,1524
1447860815,1772
1447860816,1740
1447860817,2010
1447860818,2118
1447860819,1956
1447860820,678
1447860821,426
1447860822,156
1447860823,66
1447860824,516
1447860825,152
1447860826,66
1447860827,66
1447860828,66
1447860829,210
1447860830,1448
1447860831,1254
1447860832,1470
1447860833,1578
1447860834,1578
1447860835,1764
1447860836,1718
1447860837,1992
1447860838,2064
1447860839,2046
1447860840,66
1447860841,152
1447860842,66
1447860843,66
1447860844,66
1447860845,66
1447860846,152
1447860847,66
1447860848,66
1447860849,66
1447860850,66
1447860851,152
1447860852,66
1447860853,66
1447860854,66
1447860855,66
1447860856,152
1447860857,66
1447860858,66
1447860859,66
1447860860,66
1447860861,152
1447860862,66
1447860863,66
1447860864,66
1447860865,66
1447860866,152
1447860867,66
1447860868,66
1447860869,66
1447860870,66
1447860871,152
1447860872,66
1447860873,66
1447860874,66
1447860875,66
1447860876,152
1447860877,66
1447860878,66
1447860879,66
1447860880,66
1447860881,152
1447860882,66
1447860883,66
1447860884,66
1447860885,66
1447860886,152
1447860887,66
1447860888,66
1447860889,66
1447860890,66
1447860891,152
1447860892,66
1447860893,66
1447860894,66
1447860895,66
1447860896,152
1447860897,66
1447860898,66
1447860899,66
1447860900,66
1447860901,152
1447860902,66
1447860903,66
1447860904,66
1447860905,66
1447860906,152
1447860907,66
1447860908,66
1447860909,66
1447860910,66
1447860911,152
1447860912,66
1447860913,66
1447860914,66
1447860915,66
1447860916,152
1447860917,66
1447860918,66
1447860919,66
1447860920,66
1447860921,66
1447860922,66
1447860923,66
1447860924,66
1447860925,66
1447860926,152
1447860927,66
1447860928,66
1447860929,66
1447860930,66
1447860931,152
1447860932,66
1447860933,66
1447860934,66
1447860935,66
1447860936,246
**************************payload****************************
1447860812,456
1447860813,564
1447860814,324
1447860815,360
1447860816,372
1447860817,432
1447860818,456
1447860819,420
1447860820,36
1447860829,24
1447860830,300
1447860831,264
1447860832,312
1447860833,336
1447860834,336
1447860835,252
1447860836,348
1447860837,288
1447860838,456
1447860839,300
