**************************overload****************************
1447860671,152
1447860672,66
1447860673,66
1447860674,66
1447860675,66
1447860676,152
1447860677,66
1447860678,66
1447860679,66
1447860680,66
1447860681,152
1447860682,66
1447860683,66
1447860684,66
1447860685,66
1447860686,152
1447860687,66
1447860688,66
1447860689,66
1447860690,66
1447860691,152
1447860692,66
1447860693,66
1447860694,66
1447860695,66
1447860696,152
1447860697,66
1447860698,66
1447860699,66
1447860700,66
1447860701,152
1447860702,66
1447860703,66
1447860704,66
1447860705,66
1447860706,66
1447860707,66
1447860708,66
1447860709,66
1447860710,530
1447860711,2280
1447860712,3306
1447860713,3090
1447860714,3306
1447860715,2844
1447860716,2168
1447860717,2928
1447860718,1470
1447860719,5682
1447860721,1016
1447860722,66
1447860723,464
1447860724,442
1447860725,304
1447860726,1576
1447860727,894
1447860728,90
1447860730,1468
1447860731,3132
1447860732,3482
1447860733,216
1447860734,1596
1447860735,2280
1447860736,2754
1447860737,5264
1447860739,210
1447860740,3474
1447860741,804
1447860742,766
1447860743,1886
1447860744,7244
1447860747,210
1447860748,1110
1447860749,1126
1447860750,968
1447860751,1306
1447860752,2118
1447860753,2268
1447860754,2066
1447860755,1992
1447860756,172
1447860757,1722
1447860758,2280
1447860759,5184
1447860761,1250
1447860762,336
1447860763,66
1447860764,66
1447860765,66
1447860766,66
1447860767,66
1447860768,66
1447860769,66
1447860770,156
1447860771,152
1447860772,156
1447860773,66
1447860774,156
1447860775,66
1447860776,152
1447860777,66
1447860778,66
1447860779,156
1447860780,156
1447860781,152
1447860782,66
1447860783,156
1447860784,66
1447860785,66
1447860786,152
1447860787,156
1447860788,66
1447860789,156
1447860790,66
1447860791,242
1447860792,66
1447860793,66
1447860794,66
1447860795,156
1447860796,152
1447860797,156
1447860798,66
1447860799,156
1447860800,66
1447860801,66
1447860802,66
1447860803,66
1447860804,156
1447860805,156
1447860806,152
1447860807,66
1447860808,156
1447860809,66
1447860810,66
1447860811,152
1447860812,156
1447860813,66
1447860814,156
1447860815,66
1447860816,242
1447860817,66
1447860818,66
1447860819,66
1447860820,66
1447860821,242
1447860822,156
1447860823,66
1447860824,66
1447860825,156
1447860826,152
1447860827,66
1447860828,66
1447860829,156
1447860830,66
1447860831,242
1447860832,66
1447860833,156
1447860834,66
1447860835,66
1447860836,152
1447860837,66
1447860838,156
1447860839,156
1447860840,66
1447860841,152
1447860842,90
1447860843,66
1447860844,66
1447860845,66
1447860846,242
1447860847,66
1447860848,156
1447860849,66
1447860850,156
1447860851,152
1447860852,66
1447860853,66
1447860854,156
1447860855,66
1447860856,242
1447860857,66
1447860858,156
1447860859,66
1447860860,66
1447860861,152
1447860862,66
1447860863,156
1447860864,156
1447860865,66
1447860866,152
1447860867,156
1447860868,66
1447860869,66
1447860870,66
1447860871,242
1447860872,66
1447860873,156
1447860874,66
1447860875,156
1447860876,152
1447860877,66
1447860878,66
1447860879,66
1447860880,156
1447860881,242
1447860882,66
1447860883,66
1447860884,156
1447860885,66
1447860886,152
1447860887,66
1447860888,156
1447860889,66
1447860890,156
1447860891,152
1447860892,156
1447860893,66
1447860894,66
1447860895,66
1447860896,156
1447860897,66
1447860898,156
1447860899,66
1447860900,156
1447860901,152
1447860902,66
1447860903,66
1447860904,66
1447860905,156
1447860906,152
1447860907,156
1447860908,66
1447860909,156
1447860910,66
1447860911,152
1447860912,66
1447860913,156
1447860914,66
1447860915,156
1447860916,152
1447860917,156
1447860918,66
1447860919,66
1447860920,66
1447860921,152
1447860922,156
1447860923,156
1447860924,66
1447860925,66
1447860926,242
1447860927,66
1447860928,66
1447860929,66
1447860930,156
1447860931,152
1447860932,156
1447860933,66
1447860934,156
1447860935,66
1447860936,152
1447860937,66
1447860938,66
1447860939,336
**************************payload****************************
1447860710,168
1447860711,55123
1447860712,87600
1447860713,81760
1447860714,87600
1447860715,74460
1447860716,35040
1447860717,77380
1447860718,16060
1447860719,151840
1447860721,1460
1447860723,4380
1447860724,7300
1447860725,2920
1447860726,37960
1447860727,17520
1447860730,35040
1447860731,84680
1447860732,87600
1447860733,5840
1447860734,36500
1447860735,59860
1447860736,74460
1447860737,135780
1447860739,1460
1447860740,89060
1447860741,17520
1447860742,16060
1447860743,43800
1447860744,188340
1447860747,1460
1447860748,24820
1447860749,23360
1447860750,20440
1447860751,30660
1447860752,55480
1447860753,61320
1447860754,51100
1447860755,49640
1447860757,42340
1447860758,59860
1447860759,139390
1447860761,24820
1447860762,7300
