**************************overload****************************
1447857824,66
1447857825,66
1447857826,66
1447857827,66
1447857828,152
1447857829,66
1447857830,66
1447857831,66
1447857832,66
1447857833,152
1447857834,66
1447857835,66
1447857836,66
1447857837,66
1447857838,152
1447857839,66
1447857840,66
1447857841,66
1447857842,66
1447857843,152
1447857844,66
1447857845,66
1447857846,66
1447857847,66
1447857848,152
1447857849,66
1447857850,66
1447857851,66
1447857852,66
1447857853,66
1447857854,66
1447857855,66
1447857856,66
1447857857,66
1447857858,692
1447857859,3144
1447857860,1794
1447857861,1578
1447857862,984
1447857863,1556
1447857864,1578
1447857865,1794
1447857866,120
1447857867,876
1447857868,66
1447857869,1052
1447857870,156
1447857871,3918
1447857872,2424
1447857873,696
1447857874,152
1447857875,246
1447857876,156
1447857877,156
1447857878,786
1447857879,962
1447857880,246
1447857881,570
1447857882,1812
1447857883,1344
1447857884,1074
1447857885,1416
1447857886,1542
1447857887,2118
1447857888,4428
1447857889,3024
1447857890,332
1447857891,66
1447857892,246
1447857893,66
1447857894,246
1447857895,242
1447857896,66
1447857897,66
1447857898,246
1447857899,156
1447857900,66
1447857901,66
1447857902,246
1447857903,156
1447857904,66
1447857905,242
1447857906,156
1447857907,156
1447857908,66
1447857909,246
1447857910,152
1447857911,156
1447857912,66
1447857913,246
1447857914,66
1447857915,242
1447857916,66
1447857917,246
1447857918,66
1447857919,156
1447857920,66
1447857921,246
1447857922,156
1447857923,66
1447857924,66
1447857925,332
1447857926,156
1447857927,66
1447857928,156
1447857929,156
1447857930,242
1447857931,66
1447857932,246
1447857933,66
1447857934,156
1447857935,152
1447857936,246
1447857937,66
1447857938,156
1447857939,66
1447857940,332
1447857941,66
1447857942,156
1447857943,66
1447857944,246
1447857945,152
1447857946,156
1447857947,66
1447857948,246
1447857949,156
1447857950,152
1447857951,66
1447857952,246
1447857953,156
1447857954,66
1447857955,242
1447857956,156
1447857957,156
1447857958,66
1447857959,588
1447857960,3068
1447857961,3198
1447857962,3198
1447857963,3252
1447857964,11178
1447857965,1166
1447857967,876
1447857968,11286
1447857969,516
1447857970,152
1447857971,660
1447857972,2262
1447857973,2928
1447857974,2982
1447857975,2798
1447857976,2928
1447857977,3360
1447857978,3090
1447857979,3306
1447857980,3704
1447857981,11016
1447857982,8478
1447857983,9288
1447857985,86
1447857989,66
1447857990,2960
1447857991,3360
1447857992,9246
1447857994,66
1447857995,152
1447857996,66
1447857997,66
1447857998,66
1447857999,66
1447858000,152
1447858001,66
1447858002,66
1447858003,66
1447858004,66
1447858005,152
1447858006,66
1447858007,66
1447858008,66
1447858010,152
1447858011,66
1447858012,66
1447858013,66
1447858014,66
1447858015,152
1447858016,66
1447858017,66
1447858018,66
1447858019,66
1447858020,152
1447858021,66
1447858022,66
1447858023,66
1447858024,66
1447858025,152
1447858026,66
1447858027,66
1447858028,66
1447858029,66
1447858030,152
1447858031,66
1447858032,66
1447858033,66
1447858034,66
1447858035,152
1447858036,66
1447858037,66
1447858038,66
1447858039,66
1447858040,152
1447858041,66
1447858042,66
1447858043,66
1447858044,66
1447858045,152
1447858046,66
1447858047,66
1447858048,66
1447858049,66
1447858050,152
1447858051,66
1447858052,66
1447858053,66
1447858054,66
1447858055,152
1447858056,66
1447858057,66
1447858058,66
1447858059,66
1447858060,152
1447858061,66
1447858062,66
1447858063,66
1447858064,66
1447858065,152
1447858066,66
1447858067,66
1447858068,66
1447858069,66
1447858070,152
1447858071,66
1447858072,66
1447858073,66
1447858074,66
1447858075,152
1447858076,66
1447858077,66
1447858078,876
1447858079,246
1447858080,696
1447858081,66
1447858082,1146
1447858083,336
1447858084,336
1447858085,336
1447858086,90
**************************payload****************************
1447857858,204
1447857859,684
1447857860,384
1447857861,336
1447857862,204
1447857863,132
1447857864,156
1447857865,384
1447857866,12
1447857871,660
1447857872,504
1447857881,120
1447857882,228
1447857883,264
1447857884,204
1447857885,300
1447857886,288
1447857887,456
1447857888,984
1447857889,672
1447857959,10443
1447857960,72473
1447857961,71495
1447857962,69836
1447857963,72744
1447857964,295006
1447857965,28535
1447857967,6063
1447857968,303987
1447857971,14823
1447857972,56940
1447857973,74360
1447857974,78840
1447857975,62124
1447857976,77380
1447857977,89057
1447857978,77474
1447857979,74204
1447857980,85373
1447857981,294907
1447857982,229220
1447857983,251120
1447857990,74472
1447857991,88745
1447857992,239174
