**************************overload****************************
1447860958,66
1447860959,66
1447860960,66
1447860961,66
1447860962,152
1447860963,66
1447860964,66
1447860965,66
1447860966,66
1447860967,152
1447860968,66
1447860969,336
1447860970,66
1447860971,534
1447860972,2276
1447860973,2628
1447860974,3300
1447860975,3168
1447860976,12234
1447860977,9014
1447860978,8046
1447860979,3420
1447860980,3708
1447860981,7902
1447860982,6534
1447860989,440
1447860990,360
1447860991,1968
1447860992,2964
1447860993,3016
1447860994,3374
1447860995,3270
1447860996,3234
1447860997,3000
1447860998,3090
1447860999,3266
1447861000,300
1447861001,156
1447861002,336
1447861003,66
1447861004,422
1447861005,156
1447861006,246
1447861007,246
1447861008,156
1447861009,332
1447861010,156
1447861011,336
1447861012,180
1447861013,156
1447861014,332
1447861015,156
1447861016,336
1447861017,66
1447861018,246
1447861019,152
1447861020,66
1447861021,66
1447861022,66
1447861023,66
1447861024,152
1447861025,66
1447861026,66
1447861027,66
1447861028,66
1447861029,152
1447861030,66
1447861031,66
1447861032,66
1447861033,66
1447861034,152
1447861035,66
1447861036,66
1447861037,66
1447861038,66
1447861039,152
1447861040,66
1447861041,66
1447861042,66
1447861043,66
1447861044,152
1447861045,66
1447861046,66
1447861047,66
1447861048,66
1447861049,152
1447861050,66
1447861051,66
1447861052,66
1447861053,66
1447861054,152
1447861055,66
1447861056,66
1447861057,66
1447861058,66
1447861059,152
1447861060,66
1447861061,66
1447861062,66
1447861063,66
1447861064,152
1447861065,66
1447861066,66
1447861067,66
1447861068,66
1447861069,152
1447861070,66
1447861071,66
1447861072,66
1447861073,66
1447861074,152
1447861075,66
1447861076,66
1447861077,66
1447861078,66
1447861079,152
1447861080,66
1447861081,66
1447861082,66
1447861083,66
1447861084,152
1447861085,66
1447861086,66
1447861087,66
1447861088,66
1447861089,152
1447861090,66
1447861091,66
1447861092,66
1447861093,66
1447861094,152
1447861095,66
1447861096,66
1447861097,66
1447861098,66
1447861099,152
1447861100,66
1447861101,66
1447861102,66
1447861103,66
1447861104,152
1447861105,66
1447861106,66
1447861107,66
1447861108,66
1447861109,152
1447861110,66
1447861111,66
1447861112,66
1447861113,66
1447861114,152
1447861115,66
1447861116,66
1447861117,66
1447861118,66
1447861119,152
1447861120,66
1447861121,66
1447861122,66
1447861123,66
1447861124,152
1447861125,66
1447861126,66
1447861127,66
1447861128,66
1447861129,152
1447861130,66
1447861131,66
1447861132,66
1447861133,66
1447861134,152
1447861135,66
1447861136,66
1447861137,66
1447861138,66
1447861139,152
1447861140,66
1447861141,66
1447861142,66
1447861143,66
1447861144,152
1447861145,66
1447861146,66
1447861147,66
1447861148,66
1447861149,152
1447861150,66
1447861151,66
1447861152,66
1447861153,66
1447861154,152
1447861155,66
1447861156,66
1447861157,66
1447861158,66
1447861159,152
1447861160,66
1447861161,66
1447861162,66
1447861163,66
1447861164,152
1447861165,66
1447861166,66
1447861167,66
1447861168,66
1447861169,152
1447861170,66
1447861171,66
1447861172,66
1447861173,66
1447861174,152
1447861175,66
1447861176,66
1447861177,66
1447861178,66
1447861179,152
1447861180,66
1447861181,66
1447861182,66
1447861183,66
1447861184,152
1447861185,66
1447861186,66
1447861187,66
1447861188,66
1447861189,152
1447861190,66
1447861191,66
1447861192,66
1447861193,66
1447861194,152
1447861195,66
1447861196,66
1447861197,66
1447861198,156
1447861199,66
**************************payload****************************
1447860971,126
1447860972,49893
1447860973,68620
1447860974,83220
1447860975,83220
1447860976,324120
1447860977,236520
1447860978,217540
1447860979,87600
1447860980,97820
1447860981,208780
1447860982,176660
1447860989,2920
1447860991,21199
1447860992,63550
1447860993,69512
1447860994,77380
1447860995,81760
1447860996,83220
1447860997,74460
1447860998,74460
1447860999,79227
1447861000,12
