**************************overload****************************
1447860956,152
1447860957,336
1447860958,66
1447860959,336
1447860960,66
1447860961,422
1447860962,66
1447860963,336
1447860964,66
1447860965,336
1447860966,152
1447860967,336
1447860969,336
1447860970,66
1447860971,458
1447860972,1056
1447860973,2874
1447860974,1902
1447860975,1614
1447860976,1790
1447860977,2172
1447860978,1686
1447860979,1056
1447860980,966
1447860981,2150
1447860982,1668
1447860983,408
1447860984,246
1447860985,156
1447860986,332
1447860987,156
1447860988,516
1447860989,336
1447860990,570
1447860991,1304
1447860992,2802
1447860993,1524
1447860994,1722
1447860995,1848
1447860996,1556
1447860997,1794
1447860998,3270
1447860999,1506
1447861000,354
1447861001,242
1447861002,336
1447861003,66
1447861004,336
1447861005,156
1447861006,332
1447861007,246
1447861008,156
1447861009,246
1447861010,156
1447861011,422
1447861012,156
1447861013,246
1447861014,246
1447861015,156
1447861016,332
1447861017,156
1447861018,336
1447861019,156
1447861020,246
1447861021,332
1447861022,156
1447861023,246
1447861024,156
1447861025,336
1447861026,242
1447861027,156
1447861028,66
1447861029,156
1447861030,246
1447861031,242
1447861032,336
1447861033,66
1447861034,336
1447861035,156
1447861036,332
1447861037,66
1447861038,336
1447861039,66
1447861040,336
1447861041,152
1447861042,336
1447861043,66
1447861044,336
1447861045,66
1447861046,422
1447861047,66
1447861048,336
1447861049,66
1447861050,336
1447861051,242
1447861052,246
1447861053,156
1447861054,246
1447861055,156
1447861056,332
1447861057,156
1447861058,246
1447861059,246
1447861060,156
1447861061,332
1447861062,156
1447861063,246
1447861064,156
1447861065,336
1447861066,152
1447861067,336
1447861068,66
1447861069,336
1447861070,66
1447861071,746
1447861072,1740
1447861073,2658
1447861074,1362
1447861075,2064
1447861076,2888
1447861077,1974
1447861078,3126
1447861079,3000
1447861080,480
1447861081,2708
1447861082,3396
1447861083,2610
1447861084,2694
1447861085,2460
1447861086,3104
1447861087,3216
1447861088,3342
1447861089,3324
1447861090,3558
1447861091,2276
1447861092,246
1447861093,156
1447861094,246
1447861095,156
1447861096,422
1447861097,66
1447861098,336
1447861099,66
1447861100,336
1447861101,152
1447861102,336
1447861103,66
1447861104,336
1447861105,66
1447861106,422
1447861107,156
1447861108,246
1447861109,156
1447861110,246
1447861111,242
1447861112,246
1447861113,156
1447861114,246
1447861115,246
1447861116,242
1447861117,246
1447861118,156
1447861119,336
1447861120,66
1447861121,422
1447861122,66
1447861123,336
1447861124,66
1447861125,336
1447861126,152
1447861127,336
1447861128,66
1447861129,336
1447861130,66
1447861131,422
1447861132,156
1447861133,246
1447861134,156
1447861135,156
1447861136,152
1447861137,156
1447861138,66
1447861139,66
1447861140,66
1447861141,152
1447861142,66
1447861143,66
1447861144,66
1447861145,66
1447861146,152
1447861147,66
1447861148,66
1447861149,66
1447861150,66
1447861151,152
1447861152,66
1447861153,66
1447861154,66
1447861155,66
1447861156,152
1447861157,66
1447861158,66
1447861159,66
1447861160,66
1447861161,152
1447861162,66
1447861163,66
1447861164,66
1447861165,66
1447861166,152
1447861167,66
1447861168,66
1447861169,66
1447861170,66
1447861171,152
1447861172,66
1447861173,66
1447861174,66
1447861175,66
1447861176,152
1447861177,66
1447861178,66
1447861179,66
1447861180,66
1447861181,152
1447861182,66
1447861183,66
1447861184,66
1447861185,66
1447861186,422
1447861187,246
1447861188,156
1447861189,66
1447861190,426
1447861191,332
1447861192,66
1447861193,156
1447861194,246
1447861195,336
1447861196,152
1447861197,246
**************************payload****************************
1447860971,1538
1447860972,1747
1447860973,564
1447860974,408
1447860975,324
1447860976,324
1447860977,408
1447860978,360
1447860979,180
1447860980,180
1447860981,384
1447860982,336
1447860983,36
1447860990,0
1447860991,234
1447860992,588
1447860993,264
1447860994,348
1447860995,336
1447860996,312
1447860997,348
1447860998,1128
1447860999,1748
1447861000,1591
1447861071,3129
1447861072,40101
1447861073,62780
1447861074,35040
1447861075,46720
1447861076,71540
1447861077,46720
1447861078,80300
1447861079,74460
1447861080,8760
1447861081,64240
1447861082,87600
1447861083,65700
1447861084,68620
1447861085,59860
1447861086,77380
1447861087,80300
1447861088,86140
1447861089,83220
1447861090,91980
1447861091,51139
