**************************overload****************************
1447857820,66
1447857821,332
1447857822,66
1447857823,336
1447857824,66
1447857825,336
1447857826,152
1447857827,336
1447857828,66
1447857829,336
1447857830,66
1447857831,422
1447857832,156
1447857833,246
1447857834,156
1447857835,246
1447857836,242
1447857837,246
1447857838,156
1447857839,246
1447857840,246
1447857841,242
1447857842,246
1447857843,156
1447857844,336
1447857845,66
1447857846,422
1447857847,66
1447857848,336
1447857849,66
1447857850,336
1447857851,152
1447857852,336
1447857853,66
1447857854,336
1447857855,156
1447857856,332
1447857857,156
1447857858,246
1447857859,156
1447857860,246
1447857861,566
1447857862,408
1447857863,3270
1447857864,1830
1447857865,1812
1447857866,1484
1447857867,1362
1447857868,1362
1447857869,2550
1447857870,498
1447857871,2690
1447857872,1134
1447857873,1698
1447857874,984
1447857875,336
1447857876,86
1447857877,336
1447857878,66
1447857879,336
1447857880,156
1447857881,332
1447857882,156
1447857883,246
1447857884,156
1447857885,312
1447857886,242
1447857887,246
1447857888,246
1447857889,156
1447857890,246
1447857891,242
1447857892,246
1447857893,90
1447857894,336
1447857895,66
1447857896,422
1447857897,66
1447857898,336
1447857899,66
1447857900,336
1447857901,152
1447857902,336
1447857903,66
1447857904,336
1447857905,222
1447857906,332
1447857907,90
1447857908,246
1447857909,156
1447857910,246
1447857911,242
1447857912,246
1447857913,246
1447857914,156
1447857915,246
1447857916,242
1447857917,606
1447857918,66
1447857919,516
1447857920,66
1447857921,602
1447857922,66
1447857923,246
1447857924,66
1447857925,336
1447857926,152
1447857927,336
1447857928,66
1447857929,336
1447857930,66
1447857931,422
1447857932,66
1447857933,336
1447857934,66
1447857935,336
1447857936,332
1447857937,156
1447857938,246
1447857939,156
1447857940,336
1447857941,152
1447857942,336
1447857943,246
1447857944,156
1447857945,246
1447857946,242
1447857947,246
1447857948,156
1447857949,336
1447857950,156
1447857951,332
1447857952,246
1447857953,156
1447857954,246
1447857955,156
1447857956,422
1447857957,156
1447857958,246
1447857959,246
1447857960,534
1447857961,926
1447857962,3234
1447857963,3996
1447857964,2064
1447857965,2928
1447857966,3518
1447857967,3234
1447857968,3216
1447857969,3384
1447857970,3378
1447857971,1646
1447857972,3360
1447857973,3162
1447857974,6870
1447857975,108
1447857976,2024
1447857977,4980
1447857978,336
1447857979,66
1447857980,336
1447857981,332
1447857982,156
1447857983,246
1447857984,156
1447857985,336
1447857986,152
1447857987,336
1447857988,246
1447857989,156
1447857990,246
1447857991,242
1447857992,336
1447857993,66
1447857994,336
1447857995,246
1447857996,242
1447857997,246
1447857998,156
1447857999,246
1447858000,156
1447858001,422
1447858002,156
1447858003,246
1447858004,246
1447858005,156
1447858006,332
1447858007,156
1447858008,336
1447858009,156
1447858010,246
1447858011,332
1447858012,156
1447858013,246
1447858014,156
1447858015,336
1447858016,242
1447858017,246
1447858018,246
1447858019,90
1447858020,156
1447858021,242
1447858022,156
1447858023,66
1447858024,66
1447858025,66
1447858026,152
1447858027,66
1447858028,66
1447858029,66
1447858030,66
1447858031,152
1447858032,66
1447858033,66
1447858034,66
1447858035,66
1447858036,152
1447858037,66
1447858038,66
1447858039,66
1447858040,66
1447858041,152
1447858042,66
1447858043,66
1447858044,66
1447858045,66
1447858046,152
1447858047,66
1447858048,66
1447858049,66
1447858050,66
1447858051,152
1447858052,66
1447858053,66
1447858054,66
1447858055,66
1447858056,152
1447858057,66
1447858058,66
1447858059,66
1447858060,66
1447858061,152
1447858062,66
1447858063,66
1447858064,66
1447858065,66
1447858066,152
1447858067,66
1447858068,66
1447858069,66
1447858070,246
1447858071,152
1447858072,336
1447858073,156
1447858074,336
1447858075,66
1447858076,422
1447858077,246
1447858078,156
1447858079,246
1447858080,90
**************************payload****************************
1447857861,3129
1447857862,36
1447857863,672
1447857864,372
1447857865,348
1447857866,276
1447857867,228
1447857868,288
1447857869,492
1447857870,96
1447857871,516
1447857872,252
1447857873,288
1447857874,204
1447857960,3141
1447857961,11927
1447857962,82827
1447857963,98957
1447857964,54020
1447857965,63982
1447857966,84805
1447857967,77122
1447857968,69589
1447857969,85349
1447857970,84247
1447857971,37960
1447857972,81760
1447857973,71745
1447857974,179547
1447857975,2920
1447857976,40880
1447857977,131939
