**************************overload****************************
1447861966,152
1447861967,66
1447861968,66
1447861969,66
1447861970,66
1447861971,152
1447861972,66
1447861973,66
1447861974,66
1447861975,66
1447861976,152
1447861977,66
1447861978,66
1447861979,66
1447861980,66
1447861981,152
1447861982,66
1447861983,66
1447861984,66
1447861985,66
1447861986,152
1447861987,66
1447861988,66
1447861989,66
1447861990,66
1447861991,152
1447861992,66
1447861993,66
1447861994,66
1447861995,66
1447861996,152
1447861997,66
1447861998,66
1447861999,66
1447862000,66
1447862001,66
1447862002,66
1447862003,66
1447862004,66
1447862005,66
1447862006,1016
1447862007,3576
1447862008,3900
1447862009,3090
1447862010,3684
1447862011,2570
1447862012,1794
1447862013,2010
1447862014,2754
1447862015,6402
1447862016,2462
1447862017,16254
1447862018,9018
1447862019,4590
1447862020,648
1447862021,86
1447862022,54
1447862024,54
1447862026,86
1447862028,54
1447862031,86
1447862033,1686
1447862035,66
1447862036,152
1447862037,732
1447862038,8964
1447862039,15822
1447862040,14472
1447862041,6026
1447862046,86
1447862051,86
1447862056,554
1447862057,504
1447862058,1014
1447862059,266
1447862060,278
1447862061,152
1447862062,66
1447862063,120
1447862064,66
1447862065,66
1447862066,152
1447862067,66
1447862068,66
1447862069,66
1447862070,66
1447862071,242
1447862072,156
1447862073,132
1447862075,156
1447862076,152
1447862077,66
1447862078,132
1447862079,156
1447862080,156
1447862081,86
1447862082,66
1447862083,156
1447862084,66
1447862085,66
1447862086,242
1447862087,66
1447862088,156
1447862089,132
1447862090,156
1447862091,152
1447862092,66
1447862093,66
1447862094,156
1447862095,66
1447862096,176
1447862097,66
1447862098,156
1447862099,66
1447862100,66
1447862101,152
1447862102,156
1447862103,156
1447862104,66
1447862105,66
1447862106,242
1447862107,66
1447862108,66
1447862109,156
1447862110,66
1447862111,242
1447862112,66
1447862113,156
1447862114,66
1447862115,66
1447862116,152
1447862117,156
1447862118,66
1447862119,156
1447862120,66
1447862121,242
1447862122,66
1447862123,66
1447862124,66
1447862125,156
1447862126,242
1447862127,66
1447862128,66
1447862129,156
1447862130,66
1447862131,152
1447862132,156
1447862133,66
1447862134,156
1447862135,66
1447862136,242
1447862137,66
1447862138,66
1447862139,66
1447862140,156
1447862141,152
1447862142,156
1447862143,66
1447862144,156
1447862145,66
1447862146,152
1447862147,66
1447862148,156
1447862149,156
1447862150,66
1447862151,152
1447862152,156
1447862153,66
1447862154,66
1447862155,156
1447862156,152
1447862157,156
1447862158,66
1447862159,156
1447862160,66
1447862161,152
1447862162,66
1447862163,156
1447862164,66
1447862165,156
1447862166,152
1447862167,156
1447862168,66
1447862169,66
1447862170,66
1447862171,242
1447862172,156
1447862173,66
1447862174,66
1447862175,156
1447862176,152
1447862177,66
1447862178,66
1447862179,156
1447862180,156
1447862181,152
1447862182,66
1447862183,156
1447862184,66
1447862185,66
1447862186,242
1447862187,66
1447862188,156
1447862189,66
1447862190,156
1447862191,66
1447862192,66
1447862193,66
1447862194,156
1447862195,66
1447862196,242
1447862197,66
1447862198,156
1447862199,66
1447862200,66
1447862201,152
1447862202,156
1447862203,156
1447862204,66
1447862205,66
1447862206,242
1447862207,66
1447862208,66
1447862209,156
1447862210,66
1447862211,242
1447862212,66
1447862213,156
1447862214,66
1447862215,66
1447862216,152
1447862217,156
1447862218,66
1447862219,156
1447862220,66
1447862221,242
1447862222,66
1447862223,66
1447862224,66
1447862225,156
1447862226,242
1447862227,66
1447862228,66
1447862229,156
1447862230,66
1447862231,152
1447862232,156
1447862233,66
1447862234,156
1447862235,66
1447862236,242
1447862237,66
**************************payload****************************
1447862006,17821
1447862007,94900
1447862008,103660
1447862009,81760
1447862010,97820
1447862011,52560
1447862012,17520
1447862013,52560
1447862014,74460
1447862015,166440
1447862016,64240
1447862017,439460
1447862018,243820
1447862019,124100
1447862020,17520
1447862022,1460
1447862024,1460
1447862028,1460
1447862037,13140
1447862038,242360
1447862039,427780
1447862040,391280
1447862041,160600
1447862056,2920
1447862057,1460
1447862059,1460
1447862063,1460
