**************************overload****************************
1447861964,66
1447861965,152
1447861966,66
1447861967,66
1447861968,66
1447861969,66
1447861970,152
1447861971,66
1447861972,66
1447861973,66
1447861974,66
1447861975,152
1447861976,66
1447861977,66
1447861978,66
1447861979,66
1447861980,152
1447861981,66
1447861982,66
1447861983,66
1447861984,66
1447861985,152
1447861986,66
1447861987,66
1447861988,66
1447861989,66
1447861990,152
1447861991,66
1447861992,66
1447861993,66
1447861994,66
1447861995,152
1447861996,66
1447861997,66
1447861998,66
1447861999,66
1447862000,152
1447862001,66
1447862002,66
1447862003,66
1447862004,66
1447862005,152
1447862006,390
1447862007,2118
1447862008,1632
1447862009,1794
1447862010,2334
1447862011,3338
1447862012,1848
1447862013,822
1447862014,2550
1447862015,1686
1447862016,3068
1447862017,2604
1447862018,2100
1447862019,1668
1447862020,540
1447862021,398
1447862022,426
1447862023,156
1447862024,516
1447862025,156
1447862026,422
1447862027,156
1447862028,246
1447862029,156
1447862030,246
1447862031,242
1447862032,90
1447862033,246
1447862034,132
1447862035,156
1447862036,86
1447862037,516
1447862038,2856
1447862039,2226
1447862040,2262
1447862041,2726
1447862042,336
1447862043,246
1447862044,246
1447862045,66
1447862046,422
1447862047,66
1447862048,246
1447862049,156
1447862050,66
1447862051,242
1447862052,156
1447862053,156
1447862054,66
1447862055,246
1447862056,332
1447862057,246
1447862058,246
1447862059,426
1447862060,336
1447862061,332
1447862062,66
1447862063,426
1447862064,156
1447862065,156
1447862066,242
1447862067,246
1447862068,156
1447862069,66
1447862070,246
1447862071,66
1447862072,156
1447862073,66
1447862074,246
1447862075,156
1447862076,152
1447862077,156
1447862078,156
1447862079,156
1447862080,66
1447862081,332
1447862082,66
1447862083,156
1447862084,66
1447862085,246
1447862086,242
1447862087,66
1447862088,156
1447862089,156
1447862090,156
1447862091,152
1447862092,246
1447862093,66
1447862094,156
1447862095,66
1447862096,332
1447862097,156
1447862098,66
1447862099,156
1447862100,156
1447862101,242
1447862102,66
1447862103,246
1447862104,66
1447862105,156
1447862106,152
1447862107,2046
1447862108,7236
1447862109,12744
1447862110,1080
1447862113,296
1447862114,606
1447862115,4422
1447862116,11298
1447862117,8868
1447862118,8792
1447862119,8436
1447862120,7842
1447862121,2928
1447862122,5724
1447862123,692
1447862124,11178
1447862127,660
1447862128,206
1447862129,2064
1447862130,3306
1447862131,3360
1447862132,2118
1447862133,638
1447862134,66
1447862135,66
1447862136,66
1447862137,66
1447862138,152
1447862139,66
1447862140,66
1447862141,66
1447862142,66
1447862143,152
1447862144,66
1447862145,66
1447862146,66
1447862147,66
1447862148,152
1447862149,66
1447862150,66
1447862151,66
1447862152,66
1447862153,152
1447862154,66
1447862155,66
1447862156,66
1447862157,66
1447862158,152
1447862159,66
1447862160,66
1447862161,66
1447862162,66
1447862163,152
1447862164,66
1447862165,66
1447862166,66
1447862167,66
1447862168,66
1447862169,152
1447862170,66
1447862171,66
1447862172,66
1447862173,66
1447862174,152
1447862175,66
1447862176,66
1447862177,66
1447862178,66
1447862179,152
1447862180,66
1447862181,66
1447862182,66
1447862183,66
1447862184,152
1447862185,66
1447862186,66
1447862187,66
1447862188,66
1447862189,152
1447862190,66
1447862191,66
1447862192,66
1447862193,66
1447862194,152
1447862195,66
1447862196,66
1447862197,66
1447862198,66
1447862199,152
1447862200,66
1447862201,66
1447862202,66
1447862203,66
1447862204,152
1447862205,66
1447862206,66
1447862207,66
1447862208,66
1447862209,152
1447862210,66
1447862211,66
1447862212,66
1447862213,66
1447862214,152
1447862215,66
1447862216,66
1447862217,66
1447862218,66
1447862219,152
1447862220,66
1447862222,66
1447862223,132
1447862224,86
1447862225,66
1447862226,66
1447862227,132
1447862228,66
1447862229,86
1447862230,66
1447862231,132
1447862232,66
1447862233,66
1447862234,86
1447862235,336
1447862236,246
**************************payload****************************
1447862006,114
1447862007,456
1447862008,348
1447862009,384
1447862010,324
1447862011,1456
1447862012,288
1447862013,168
1447862014,372
1447862015,360
1447862016,1164
1447862017,564
1447862018,444
1447862019,336
1447862020,60
1447862037,72
1447862038,600
1447862039,480
1447862040,468
1447862041,672
1447862107,46152
1447862108,189993
1447862109,342141
1447862110,28443
1447862113,1460
1447862114,13363
1447862115,115340
1447862116,303680
1447862117,236096
1447862118,231276
1447862119,226300
1447862120,210240
1447862121,77380
1447862122,154350
1447862123,12126
1447862124,297960
1447862127,14823
1447862128,1460
1447862129,54020
1447862130,87600
1447862131,89060
1447862132,55480
1447862133,11987
