**************************overload****************************
1447867108,2388
1447867109,2334
1447867110,1956
1447867111,2042
1447867112,1758
1447867113,1092
1447867114,2082
1447867115,1146
1447867116,836
1447867117,390
1447867118,2064
1447867119,1470
1447867120,2280
1447867121,2064
1447867122,2064
1447867123,1992
1447867124,156
1447867125,516
1447867126,152
1447867127,426
1447867128,156
1447867129,66
1447867130,66
1447867131,242
1447867132,930
1447867133,1830
1447867134,2118
1447867135,2316
1447867136,1592
1447867137,66
1447867138,156
1447867139,66
1447867140,156
1447867141,152
1447867142,66
1447867143,66
1447867144,66
1447867145,156
1447867146,1700
1447867147,1254
1447867148,714
1447867149,1848
1447867150,1740
1447867151,1556
1447867152,1362
1447867153,1794
1447867154,1740
1447867155,1578
1447867156,1664
1447867157,1146
1447867158,552
1447867159,2442
1447867160,2442
1447867161,1362
1447867162,962
1447867163,108
**************************payload****************************
1447867108,516
1447867109,504
1447867110,420
1447867111,420
1447867112,216
1447867113,240
1447867114,288
1447867115,240
1447867116,12
1447867117,72
1447867118,444
1447867119,312
1447867120,492
1447867121,444
1447867122,444
1447867123,348
1447867132,204
1447867133,372
1447867134,456
1447867135,540
1447867136,300
1447867146,336
1447867147,264
1447867148,204
1447867149,396
1447867150,372
1447867151,312
1447867152,288
1447867153,384
1447867154,372
1447867155,336
1447867156,336
1447867157,324
1447867158,216
1447867159,1056
1447867160,876
1447867161,288
1447867162,312
1447867163,64
