**************************overload****************************
1447867105,66
1447867106,152
1447867107,66
1447867108,2064
1447867109,2928
1447867110,3306
1447867111,3284
1447867112,3306
1447867113,1196
1447867114,3900
1447867115,8584
1447867116,140
1447867117,120
1447867118,3250
1447867119,3522
1447867120,14742
1447867121,10098
1447867122,10476
1447867123,10152
1447867126,86
1447867131,86
1447867132,282
1447867133,13608
1447867134,11880
1447867135,9558
1447867136,5832
1447867145,296
1447867146,1308
1447867147,6804
1447867148,424
1447867149,3198
1447867150,3522
1447867151,3698
1447867152,3306
1447867153,4374
1447867154,3954
1447867155,2226
1447867156,3576
1447867157,3614
1447867158,660
1447867159,3000
1447867160,3360
1447867161,4296
1447867162,2226
**************************payload****************************
1447867108,45361
1447867109,63773
1447867110,72756
1447867111,71073
1447867112,78941
1447867113,24820
1447867114,103660
1447867115,229220
1447867116,1460
1447867117,1460
1447867118,82430
1447867119,93440
1447867120,398580
1447867121,273020
1447867122,283240
1447867123,274480
1447867132,5840
1447867133,367920
1447867134,321200
1447867135,258420
1447867136,157680
1447867145,1460
1447867146,33580
1447867147,183960
1447867148,4380
1447867149,84680
1447867150,93440
1447867151,93440
1447867152,84586
1447867153,102179
1447867154,105120
1447867155,58400
1447867156,94900
1447867157,75920
1447867158,16060
1447867159,59860
1447867160,89060
1447867161,94900
1447867162,58400
