**************************overload****************************
1447857815,152
1447857816,66
1447857817,66
1447857818,66
1447857819,66
1447857820,152
1447857821,66
1447857822,66
1447857823,66
1447857824,66
1447857825,152
1447857826,66
1447857827,66
1447857828,66
1447857829,66
1447857830,152
1447857831,66
1447857832,66
1447857833,66
1447857834,66
1447857835,152
1447857836,66
1447857837,66
1447857838,66
1447857839,66
1447857840,152
1447857841,66
1447857842,66
1447857843,66
1447857844,66
1447857845,152
1447857846,66
1447857847,66
1447857848,66
1447857849,66
1447857850,152
1447857851,66
1447857852,66
1447857853,66
1447857854,66
1447857856,66
1447857857,368
1447857858,2658
1447857859,2874
1447857860,1308
1447857861,2658
1447857862,1232
1447857863,2334
1447857864,1038
1447857865,1740
1447857866,984
1447857867,552
1447857868,2150
1447857869,966
1447857870,66
1447857871,1992
1447857872,2766
1447857873,2222
1447857874,1362
1447857875,2370
1447857876,1578
1447857877,1434
1447857878,1502
1447857879,1614
1447857880,984
1447857881,1164
1447857882,1038
1447857883,3018
1447857884,3284
1447857885,2028
1447857886,2478
1447857887,1218
1447857888,66
1447857889,512
1447857890,156
1447857891,246
1447857892,66
1447857893,246
1447857894,242
1447857895,66
1447857896,156
1447857897,156
1447857898,156
1447857899,152
1447857900,246
1447857901,156
1447857902,336
1447857903,534
1447857904,2618
1447857905,1668
1447857906,156
1447857907,2064
1447857908,300
1447857909,152
1447857910,210
1447857911,1470
1447857912,3108
1447857913,66
1447857914,422
1447857915,66
1447857916,426
1447857917,156
1447857918,246
1447857919,242
1447857920,156
1447857921,156
1447857922,66
1447857923,246
1447857924,152
1447857925,156
1447857926,66
1447857927,246
1447857928,66
1447857929,242
1447857931,246
1447857932,66
1447857933,156
1447857934,152
1447857935,246
1447857936,156
1447857937,66
1447857938,66
1447857939,332
1447857940,156
1447857941,66
1447857942,66
1447857943,246
1447857944,242
1447857945,66
1447857946,156
1447857947,156
1447857948,156
1447857949,152
1447857950,246
1447857951,66
1447857952,156
1447857953,66
1447857954,332
1447857955,66
1447857956,156
1447857957,66
1447857958,1506
1447857959,3230
1447857960,3144
1447857961,3306
1447857962,3036
1447857963,9948
1447857964,1814
1447857966,5034
1447857967,14418
1447857968,9288
1447857969,10076
1447857970,6600
1447857971,8004
1447857972,6492
1447857973,7464
1447857974,10520
1447857975,3618
1447857976,54
1447857979,54
1447857983,54
1447857989,332
1447857990,246
1447857991,66
1447857992,66
1447857993,222
1447857994,152
1447857996,66
1447857997,66
1447857998,66
1447857999,152
1447858000,66
1447858001,66
1447858002,66
1447858003,66
1447858004,1016
1447858005,3306
1447858006,3684
1447858007,2928
1447858008,930
1447858009,152
1447858010,66
1447858011,66
1447858012,66
1447858013,66
1447858014,152
1447858015,66
1447858016,66
1447858017,66
1447858018,66
1447858019,152
1447858020,66
1447858021,66
1447858022,66
1447858023,66
1447858024,152
1447858025,66
1447858026,66
1447858027,66
1447858028,66
1447858029,152
1447858030,66
1447858031,66
1447858032,66
1447858033,66
1447858034,152
1447858035,66
1447858036,66
1447858037,66
1447858038,66
1447858039,152
1447858040,66
1447858041,66
1447858042,66
1447858043,66
1447858044,152
1447858045,66
1447858046,66
1447858047,66
1447858048,66
1447858049,152
1447858050,66
1447858051,66
1447858052,66
1447858053,66
1447858054,152
1447858055,66
1447858056,66
1447858057,66
1447858058,66
1447858059,152
1447858060,66
1447858061,66
1447858062,66
1447858063,66
1447858064,152
1447858065,66
1447858066,66
1447858067,426
**************************payload****************************
1447857857,90
1447857858,780
1447857859,624
1447857860,276
1447857861,456
1447857862,180
1447857863,324
1447857864,216
1447857865,252
1447857866,144
1447857867,108
1447857868,444
1447857869,180
1447857871,408
1447857872,984
1447857873,600
1447857874,288
1447857875,492
1447857876,336
1447857877,264
1447857878,300
1447857879,324
1447857880,204
1447857881,204
1447857882,216
1447857883,1140
1447857884,1104
1447857885,396
1447857886,516
1447857887,216
1447857903,96
1447857904,528
1447857905,480
1447857907,444
1447857908,12
1447857910,12
1447857911,312
1447857912,636
1447857958,30315
1447857959,72509
1447857960,68376
1447857961,72756
1447857962,72366
1447857963,258877
1447857964,45393
1447857966,129852
1447857967,388667
1447857968,251120
1447857969,270100
1447857970,176660
1447857971,214620
1447857972,173740
1447857973,200020
1447857974,280320
1447857975,97820
1447857976,1460
1447857979,1460
1447857983,1460
1447858004,23360
1447858005,87600
1447858006,97820
1447858007,77380
1447858008,22893
