**************************overload****************************
1447857817,152
1447857818,66
1447857819,66
1447857820,66
1447857821,66
1447857822,66
1447857823,66
1447857824,66
1447857825,66
1447857826,66
1447857827,152
1447857828,66
1447857829,66
1447857830,66
1447857831,66
1447857832,152
1447857833,66
1447857834,66
1447857835,66
1447857836,66
1447857837,152
1447857838,66
1447857839,66
1447857840,66
1447857841,66
1447857842,152
1447857843,66
1447857844,66
1447857845,66
1447857846,66
1447857847,152
1447857848,66
1447857849,66
1447857850,66
1447857851,66
1447857852,152
1447857853,66
1447857854,66
1447857855,66
1447857856,66
1447857857,1124
1447857858,3414
1447857859,3630
1447857860,3144
1447857861,3060
1447857862,2636
1447857863,2100
1447857864,2226
1447857865,1686
1447857866,2226
1447857867,2042
1447857868,2118
1447857869,4440
1447857870,120
1447857871,1758
1447857872,2064
1447857873,2474
1447857874,1758
1447857875,2766
1447857876,1290
1447857877,2172
1447857878,2222
1447857879,3558
1447857880,594
1447857881,2064
1447857882,2118
1447857883,4140
1447857884,6188
1447857885,10692
1447857886,15228
1447857887,5724
1447857889,86
1447857894,86
1447857901,1286
1447857902,120
1447857903,534
1447857904,4640
1447857905,1026
1447857906,270
1447857907,7572
1447857908,180
1447857909,176
1447857910,120
1447857911,2064
1447857912,5454
1447857914,260
1447857915,966
1447857916,876
1447857917,246
1447857918,66
1447857919,1326
1447857920,246
1447857921,426
1447857922,332
1447857923,786
1447857924,426
1447857925,606
1447857926,426
1447857927,872
1447857928,516
1447857929,606
1447857930,606
1447857931,786
1447857932,606
1447857933,606
1447857934,696
1447857935,606
1447857936,786
1447857937,692
1447857938,606
1447857939,696
1447857940,696
1447857941,696
1447857942,692
1447857943,696
1447857944,606
1447857945,786
1447857946,606
1447857947,692
1447857948,696
1447857949,606
1447857950,786
1447857951,606
1447857952,692
1447857953,696
1447857954,696
1447857955,696
1447857956,606
1447857957,782
1447857958,606
1447857959,786
1447857960,606
1447857961,606
1447857962,782
1447857963,696
1447857964,696
1447857965,606
1447857966,606
1447857967,782
1447857968,786
1447857969,606
1447857970,606
1447857971,696
1447857972,692
1447857973,786
1447857974,606
1447857975,606
1447857976,696
1447857977,782
1447857978,696
1447857979,606
1447857980,696
1447857981,606
1447857982,872
1447857983,606
1447857984,606
1447857985,696
1447857986,696
1447857987,782
1447857988,606
1447857989,696
1447857990,606
1447857991,786
1447857992,692
1447857993,606
1447857994,696
1447857995,606
1447857996,786
1447857997,692
1447857998,696
1447857999,606
1447858000,786
1447858001,606
1447858002,692
1447858003,696
1447858004,606
1447858005,786
1447858006,606
1447858007,692
1447858008,696
1447858009,786
1447858010,606
1447858011,606
1447858012,782
1447858013,606
1447858014,786
1447858015,606
1447858016,606
1447858017,782
1447858018,786
1447858019,606
1447858020,606
1447858021,696
1447858022,692
1447858023,786
1447858024,606
1447858025,606
1447858026,696
1447858027,872
1447858028,606
1447858029,606
1447858030,696
1447858031,606
1447858032,872
1447858033,606
1447858034,516
1447858035,606
1447858036,606
1447858037,512
1447858038,336
1447858039,336
1447858040,336
1447858041,426
1447858042,422
1447858043,336
1447858044,426
1447858045,426
1447858046,336
1447858047,422
1447858048,336
1447858049,336
1447858050,426
1447858051,336
1447858052,422
1447858053,426
1447858054,426
1447858055,336
1447858056,336
1447858057,422
1447858058,336
1447858059,360
1447858060,336
1447858061,426
1447858062,422
1447858063,426
1447858064,336
1447858065,336
1447858066,336
1447858067,422
1447858068,426
1447858069,156
**************************payload****************************
1447857857,20741
1447857858,90520
1447857859,96360
1447857860,83220
1447857861,73000
1447857862,67160
1447857863,45260
1447857864,36500
1447857865,43800
1447857866,36500
1447857867,51100
1447857868,52810
1447857869,113312
1447857870,223
1447857871,40880
1447857872,54020
1447857873,62780
1447857874,40880
1447857875,73000
1447857876,30660
1447857877,56940
1447857878,51100
1447857879,91980
1447857880,16060
1447857881,54020
1447857882,55480
1447857883,109500
1447857884,164980
1447857885,289080
1447857886,411720
1447857887,154760
1447857901,1460
1447857902,1460
1447857903,10220
1447857904,119720
1447857905,26730
1447857907,201703
1447857910,1460
1447857911,53624
1447857912,147460
1447857914,2920
