**************************overload****************************
1447858600,66
1447858601,66
1447858602,66
1447858603,152
1447858604,66
1447858605,66
1447858606,66
1447858607,66
1447858608,152
1447858609,66
1447858610,66
1447858611,66
1447858612,66
1447858613,152
1447858614,66
1447858615,66
1447858616,66
1447858617,66
1447858618,152
1447858619,66
1447858620,66
1447858621,66
1447858622,66
1447858623,152
1447858624,66
1447858625,66
1447858626,66
1447858627,66
1447858628,152
1447858629,66
1447858630,66
1447858631,66
1447858632,66
1447858633,152
1447858634,66
1447858635,66
1447858636,66
1447858637,66
1447858638,152
1447858639,66
1447858640,66
1447858641,66
1447858642,66
1447858643,152
1447858644,66
1447858645,66
1447858646,66
1447858647,66
1447858648,152
1447858649,66
1447858650,66
1447858651,66
1447858652,66
1447858653,152
1447858654,66
1447858655,66
1447858656,66
1447858657,66
1447858658,152
1447858659,66
1447858660,66
1447858661,66
1447858662,66
1447858663,152
1447858664,66
1447858665,66
1447858666,66
1447858667,66
1447858668,152
1447858669,66
1447858670,66
1447858671,66
1447858672,66
1447858673,152
1447858674,66
1447858675,66
1447858676,66
1447858677,66
1447858678,66
1447858679,66
1447858680,66
1447858681,66
1447858682,66
1447858683,152
1447858684,66
1447858685,66
1447858686,66
1447858687,66
1447858688,152
1447858689,66
1447858690,66
1447858691,66
1447858692,66
1447858693,152
1447858694,66
1447858695,66
1447858696,66
1447858697,66
1447858698,152
1447858699,66
1447858700,66
1447858701,66
1447858702,66
1447858703,152
1447858704,66
1447858705,66
1447858706,66
1447858707,66
1447858708,152
1447858709,66
1447858710,66
1447858711,66
1447858712,66
1447858713,152
1447858714,66
1447858716,66
1447858717,66
1447858718,152
1447858719,132
1447858721,66
1447858722,132
1447858723,152
1447858724,66
1447858725,66
1447858726,66
1447858728,152
1447858729,66
1447858730,66
1447858731,66
1447858732,66
1447858733,152
1447858734,66
1447858735,66
1447858736,66
1447858737,66
1447858738,152
1447858739,66
1447858740,66
1447858741,66
1447858742,66
1447858743,242
1447858744,1322
1447858745,2370
1447858746,2440
1447858747,372
1447858748,2022
1447858749,3144
1447858750,2064
1447858751,1794
1447858752,1956
1447858753,1686
1447858754,2042
1447858755,1902
1447858756,2010
1447858757,1956
1447858758,1470
1447858759,1880
1447858760,1956
1447858761,1686
1447858762,1956
1447858763,1524
1447858764,152
1447858765,66
1447858766,66
1447858767,66
1447858768,66
1447858769,152
1447858770,66
1447858771,66
1447858772,66
1447858773,66
1447858774,152
1447858775,66
1447858776,66
1447858777,66
1447858778,66
1447858779,152
1447858780,66
1447858781,66
1447858782,66
1447858783,66
1447858784,152
1447858785,66
1447858786,66
1447858787,66
1447858788,66
1447858789,152
1447858790,66
1447858791,66
1447858792,66
1447858793,66
1447858794,152
1447858795,66
1447858796,66
1447858797,66
1447858798,66
1447858799,152
1447858800,66
1447858801,66
1447858802,66
1447858803,66
1447858804,66
1447858805,66
1447858806,66
1447858807,66
1447858808,66
1447858809,152
1447858810,66
1447858811,66
1447858812,66
1447858813,66
1447858814,152
1447858815,66
1447858816,66
1447858817,66
1447858818,66
1447858819,66
1447858820,66
1447858821,66
1447858822,66
1447858823,66
1447858824,152
1447858825,66
1447858826,66
1447858827,66
1447858829,152
1447858830,66
1447858831,66
1447858832,66
1447858833,66
1447858834,152
1447858835,66
1447858836,66
1447858837,66
1447858838,66
1447858839,152
1447858840,66
1447858841,66
1447858842,66
1447858843,66
1447858844,152
1447858845,66
1447858846,66
1447858847,66
1447858848,66
1447858849,152
1447858850,66
1447858851,66
1447858852,66
1447858853,66
1447858854,152
1447858855,66
1447858856,66
1447858857,66
1447858858,66
1447858859,152
1447858860,66
1447858861,66
1447858862,66
1447858863,66
1447858864,152
1447858865,66
1447858866,66
1447858867,66
1447858868,66
1447858869,152
1447858870,66
1447858871,66
1447858872,66
1447858873,66
1447858874,152
1447858875,66
1447858876,66
1447858877,66
1447858878,66
1447858879,152
1447858880,66
1447858881,66
1447858882,66
1447858883,66
1447858884,152
1447858885,66
1447858886,66
1447858887,66
1447858888,66
1447858889,152
1447858890,246
**************************payload****************************
1447858744,324
1447858745,492
1447858746,504
1447858747,48
1447858748,372
1447858749,1116
1447858750,516
1447858751,384
1447858752,420
1447858753,360
1447858754,420
1447858755,408
1447858756,432
1447858757,420
1447858758,312
1447858759,384
1447858760,420
1447858761,360
1447858762,420
1447858763,324
