**************************overload****************************
1447858602,66
1447858603,66
1447858604,152
1447858605,66
1447858606,66
1447858607,66
1447858608,66
1447858609,152
1447858610,66
1447858611,66
1447858612,66
1447858613,66
1447858614,152
1447858615,66
1447858616,66
1447858617,66
1447858618,66
1447858619,152
1447858620,66
1447858621,66
1447858622,66
1447858623,66
1447858624,152
1447858625,66
1447858626,66
1447858627,66
1447858628,66
1447858629,152
1447858630,66
1447858631,66
1447858632,66
1447858633,66
1447858634,152
1447858635,66
1447858636,66
1447858637,66
1447858638,66
1447858639,242
1447858640,66
1447858641,156
1447858642,156
1447858643,246
1447858644,332
1447858645,66
1447858646,156
1447858647,66
1447858648,660
1447858649,3392
1447858650,3360
1447858651,8154
1447858653,822
1447858654,6794
1447858655,7074
1447858656,9936
1447858657,6210
1447858658,540
1447858659,86
1447858662,1728
1447858663,414
1447858664,1530
1447858665,954
1447858666,426
1447858667,152
1447858668,1416
1447858669,2070
1447858670,2008
1447858671,2118
1447858672,2654
1447858673,2622
1447858674,1926
1447858675,2142
1447858676,3792
1447858677,2064
1447858678,1076
1447858679,1056
1447858680,1056
1447858681,1326
1447858682,1056
1447858683,1412
1447858684,1056
1447858685,1236
1447858686,1146
1447858687,1236
1447858688,1232
1447858689,1326
1447858690,1146
1447858691,1236
1447858692,1146
1447858693,1236
1447858694,1236
1447858695,876
1447858696,66
1447858697,66
1447858698,152
1447858699,66
1447858700,66
1447858701,66
1447858702,66
1447858703,152
1447858704,66
1447858705,66
1447858706,66
1447858707,66
1447858708,152
1447858709,66
1447858710,66
1447858711,66
1447858712,66
1447858713,66
1447858714,66
1447858715,66
1447858716,66
1447858717,66
1447858718,152
1447858719,66
1447858720,66
1447858721,66
1447858722,66
1447858723,66
1447858724,66
1447858725,66
1447858726,66
1447858727,66
1447858728,152
1447858730,66
1447858731,132
1447858733,152
1447858734,66
1447858735,66
1447858736,66
1447858737,66
1447858738,152
1447858739,66
1447858740,66
1447858741,66
1447858742,66
1447858743,152
1447858744,66
1447858745,66
1447858746,66
1447858747,66
1447858748,66
1447858749,66
1447858750,66
1447858751,66
1447858752,66
1447858753,152
1447858754,66
1447858755,66
1447858756,66
1447858757,66
1447858758,152
1447858759,66
1447858760,66
1447858761,66
1447858762,66
1447858763,152
1447858764,66
1447858765,66
1447858766,66
1447858767,66
1447858768,152
1447858769,66
1447858770,66
1447858771,66
1447858772,66
1447858773,152
1447858774,66
1447858775,66
1447858776,66
1447858777,66
1447858778,152
1447858779,66
1447858780,66
1447858781,66
1447858782,66
1447858783,152
1447858784,66
1447858785,66
1447858786,66
1447858787,66
1447858788,152
1447858789,66
1447858790,66
1447858791,66
1447858792,66
1447858793,152
1447858794,66
1447858795,66
1447858796,66
1447858797,66
1447858798,152
1447858799,66
1447858800,66
1447858801,66
1447858802,66
1447858803,152
1447858804,66
1447858805,66
1447858806,66
1447858807,66
1447858808,152
1447858809,66
1447858810,66
1447858811,66
1447858812,66
1447858813,152
1447858814,66
1447858815,66
1447858816,66
1447858817,66
1447858818,152
1447858819,66
1447858820,66
1447858821,66
1447858822,66
1447858823,152
1447858824,66
1447858825,66
1447858826,66
1447858827,66
1447858828,152
1447858829,66
1447858830,66
1447858831,66
1447858832,66
1447858833,66
1447858834,66
1447858836,66
1447858837,66
1447858838,152
1447858839,66
1447858840,66
1447858841,66
1447858842,66
1447858843,152
1447858844,66
1447858845,66
1447858846,66
1447858847,66
1447858848,152
1447858849,66
1447858850,66
1447858851,66
1447858852,66
1447858853,152
1447858854,66
1447858855,66
1447858856,66
1447858857,66
1447858858,152
1447858859,66
1447858860,66
1447858861,66
1447858862,66
1447858863,152
1447858864,66
1447858865,66
1447858866,66
1447858867,66
1447858868,152
1447858869,66
1447858870,66
1447858871,66
1447858872,66
1447858873,152
1447858874,66
1447858875,66
1447858876,66
1447858877,66
1447858878,152
1447858879,66
1447858880,66
1447858881,66
1447858882,66
1447858883,152
1447858884,66
1447858885,66
1447858886,66
1447858887,66
1447858888,152
1447858889,66
1447858890,66
1447858891,156
**************************payload****************************
1447858648,10521
1447858649,74415
1447858650,75664
1447858651,210564
1447858653,20440
1447858654,179580
1447858655,191260
1447858656,268640
1447858657,167900
1447858658,14600
1447858662,2920
1447858663,1460
1447858665,1460
1447858669,36500
1447858670,35040
1447858671,33580
1447858672,40880
1447858673,42340
1447858674,35040
1447858675,55480
1447858676,56940
1447858677,9662
