**************************overload****************************
1447858604,66
1447858605,66
1447858607,66
1447858608,66
1447858609,66
1447858610,66
1447858611,66
1447858612,66
1447858613,152
1447858614,66
1447858615,66
1447858616,66
1447858617,66
1447858618,66
1447858619,66
1447858620,66
1447858621,66
1447858622,66
1447858623,152
1447858624,66
1447858625,66
1447858626,66
1447858627,66
1447858628,66
1447858629,66
1447858630,66
1447858631,66
1447858632,66
1447858633,152
1447858634,66
1447858635,66
1447858636,66
1447858637,66
1447858638,66
1447858639,312
1447858640,66
1447858641,172
1447858642,226
1447858643,278
1447858644,278
1447858645,66
1447858646,172
1447858647,66
1447858648,822
1447858649,2474
1447858650,1956
1447858651,2010
1447858652,66
1447858653,822
1447858654,2312
1447858655,3378
1447858656,3846
1447858657,4260
1447858658,2226
1447858659,3392
1447858660,696
1447858661,696
1447858662,2766
1447858663,1146
1447858664,966
1447858665,1146
1447858666,1146
1447858667,1412
1447858668,876
1447858669,2154
1447858670,2100
1447858671,2712
1447858672,1952
1447858673,2280
1447858674,2136
1447858675,2604
1447858676,2334
1447858677,2496
1447858678,2996
1447858679,1146
1447858680,1056
1447858681,1236
1447858682,1236
1447858683,1232
1447858684,1146
1447858685,1146
1447858686,1326
1447858687,1146
1447858688,1232
1447858689,1236
1447858690,1146
1447858691,1326
1447858692,1146
1447858693,1146
1447858694,1146
1447858695,1416
1447858696,1146
1447858697,1146
1447858698,1232
1447858699,1326
1447858700,1146
1447858701,1236
1447858702,1236
1447858703,1236
1447858704,1236
1447858705,1146
1447858706,1326
1447858707,1146
1447858708,1322
1447858709,1326
1447858710,1146
1447858711,1236
1447858712,1326
1447858713,1146
1447858714,1236
1447858715,1326
1447858716,1146
1447858717,1236
1447858718,1412
1447858719,1080
1447858720,1236
1447858721,1146
1447858722,876
1447858723,876
1447858724,876
1447858725,696
1447858726,606
1447858727,696
1447858728,692
1447858729,606
1447858730,696
1447858731,696
1447858732,606
1447858733,696
1447858734,606
1447858735,606
1447858736,696
1447858737,696
1447858738,692
1447858739,696
1447858740,606
1447858741,606
1447858742,696
1447858743,656
1447858744,1542
1447858745,3072
1447858746,6426
1447858747,864
1447858748,3680
1447858749,2646
1447858750,2496
1447858751,3144
1447858752,3144
1447858753,2960
1447858754,3198
1447858755,3198
1447858756,3252
1447858757,3198
1447858758,3392
1447858759,3306
1447858760,3306
1447858761,3144
1447858762,3198
1447858763,5282
1447858764,66
1447858765,66
1447858766,66
1447858767,66
1447858768,152
1447858769,66
1447858770,66
1447858771,66
1447858772,66
1447858773,66
1447858774,66
1447858775,66
1447858776,66
1447858777,66
1447858778,152
1447858779,66
1447858780,66
1447858781,66
1447858782,66
1447858783,152
1447858784,66
1447858785,66
1447858786,66
1447858787,66
1447858788,66
1447858789,66
1447858790,66
1447858791,66
1447858792,66
1447858793,152
1447858794,66
1447858795,66
1447858796,66
1447858797,66
1447858798,152
1447858799,66
1447858800,66
1447858801,66
1447858802,66
1447858803,66
1447858804,66
1447858805,66
1447858806,66
1447858807,66
1447858808,152
1447858809,66
1447858810,66
1447858811,66
1447858812,66
1447858813,152
1447858814,66
1447858815,66
1447858816,66
1447858817,66
1447858818,66
1447858819,66
1447858820,66
1447858821,66
1447858822,66
1447858823,152
1447858824,66
1447858825,66
1447858826,66
1447858827,66
1447858828,152
1447858829,66
1447858830,66
1447858831,66
1447858833,66
1447858834,152
1447858835,66
1447858836,66
1447858837,66
1447858838,66
1447858839,152
1447858840,66
1447858841,66
1447858842,66
1447858843,66
1447858844,152
1447858845,66
1447858846,66
1447858847,66
1447858848,66
1447858849,152
1447858850,66
1447858851,66
1447858852,66
1447858853,66
1447858854,66
1447858855,66
1447858856,66
1447858857,66
1447858858,66
1447858859,152
1447858860,66
1447858861,66
1447858862,66
1447858863,66
1447858864,66
1447858865,66
1447858866,66
1447858867,66
1447858868,66
1447858869,152
1447858870,66
1447858871,66
1447858872,66
1447858873,66
1447858874,66
1447858875,66
1447858876,66
1447858877,66
1447858878,66
1447858879,152
1447858880,66
1447858881,66
1447858882,66
1447858883,66
1447858884,66
1447858885,66
1447858886,66
1447858887,66
1447858888,66
1447858889,152
1447858890,66
1447858891,66
1447858892,66
1447858893,426
**************************payload****************************
1447858639,20
1447858642,20
1447858648,210
1447858649,516
1447858650,420
1447858651,432
1447858653,180
1447858654,480
1447858655,516
1447858656,900
1447858657,1152
1447858669,260
1447858670,252
1447858671,348
1447858672,180
1447858673,252
1447858674,240
1447858675,324
1447858676,324
1447858677,600
1447858678,732
1447858743,1460
1447858744,33803
1447858745,78840
1447858746,173740
1447858747,23141
1447858748,90520
1447858749,71540
1447858750,65700
1447858751,69835
1447858752,69613
1447858753,62313
1447858754,71073
1447858755,69836
1447858756,71296
1447858757,71073
1447858758,82652
1447858759,87600
1447858760,87600
1447858761,75838
1447858762,69836
1447858763,133887
