**************************overload****************************
1447858861,66
1447858862,66
1447858863,66
1447858864,66
1447858865,152
1447858866,66
1447858867,66
1447858868,66
1447858869,66
1447858870,152
1447858871,66
1447858872,66
1447858873,66
1447858874,66
1447858875,152
1447858876,66
1447858877,66
1447858878,66
1447858879,66
1447858880,152
1447858881,66
1447858882,66
1447858883,66
1447858884,66
1447858885,152
1447858886,66
1447858887,66
1447858888,66
1447858889,66
1447858890,152
1447858891,66
1447858892,66
1447858893,66
1447858894,66
1447858895,242
1447858896,66
1447858897,156
1447858898,246
1447858899,156
1447858900,332
1447858901,66
1447858902,246
1447858903,66
1447858904,1794
1447858905,3338
1447858906,3360
1447858907,3360
1447858908,3162
1447858909,606
1447858910,336
1447858911,1772
1447858912,2208
1447858913,2016
1447858914,2118
1447858915,1776
1447858916,2096
1447858917,3306
1447858918,210
1447858919,1254
1447858920,2190
1447858921,2678
1447858922,1344
1447858923,2064
1447858924,2028
1447858925,2046
1447858926,3618
1447858927,656
1447858928,5508
1447858930,156
1447858931,4116
1447858932,66
1447858933,1212
1447858934,1416
1447858935,1830
1447858936,1738
1447858937,2118
1447858938,1258
1447858939,1884
1447858940,4040
1447858941,300
1447858942,2322
1447858943,1614
1447858944,2046
1447858945,6102
1447858946,86
1447858947,360
1447858948,2274
1447858949,2214
1447858950,1956
1447858951,1934
1447858952,66
1447858953,66
1447858954,66
1447858955,66
1447858956,66
1447858957,66
1447858958,156
1447858959,66
1447858960,156
1447858961,152
1447858962,156
1447858963,66
1447858964,66
1447858965,66
1447858966,242
1447858967,156
1447858968,66
1447858969,66
1447858970,156
1447858971,152
1447858972,66
1447858973,156
1447858974,156
1447858975,66
1447858976,152
1447858977,156
1447858978,66
1447858979,66
1447858980,156
1447858981,242
1447858982,66
1447858983,66
1447858984,156
1447858985,66
1447858986,152
1447858987,156
1447858988,156
1447858989,66
1447858990,66
1447858991,242
1447858992,66
1447858993,66
1447858994,156
1447858995,156
1447858996,152
1447858997,66
1447858998,156
1447858999,66
1447859000,66
1447859001,242
1447859002,156
1447859003,66
1447859004,66
1447859005,156
1447859006,152
1447859007,66
1447859008,156
1447859009,156
1447859010,66
1447859011,152
1447859012,156
1447859013,66
1447859014,66
1447859015,156
1447859016,242
1447859017,66
1447859018,66
1447859019,156
1447859020,66
1447859021,152
1447859022,156
1447859023,66
1447859024,156
1447859025,66
1447859026,242
1447859027,66
1447859028,66
1447859029,156
1447859030,66
1447859031,242
1447859032,66
1447859033,156
1447859034,66
1447859035,66
1447859036,242
1447859037,66
1447859038,156
1447859039,66
1447859040,156
1447859041,66
1447859042,66
1447859043,156
1447859044,66
1447859045,156
1447859046,152
1447859047,156
1447859048,66
1447859049,66
1447859050,156
1447859051,152
1447859052,156
1447859053,66
1447859054,156
1447859055,66
1447859056,66
1447859057,242
1447859058,66
1447859059,156
1447859060,66
1447859061,156
1447859062,66
1447859063,66
1447859064,156
1447859065,66
1447859066,156
1447859067,152
1447859068,156
1447859069,66
1447859070,66
1447859071,156
1447859072,152
1447859073,90
1447859074,66
1447859075,156
1447859076,66
1447859077,66
1447859078,156
1447859079,66
1447859080,156
1447859081,66
1447859082,242
1447859083,66
1447859084,66
1447859085,156
1447859086,66
1447859087,242
1447859088,66
1447859089,156
1447859090,66
1447859091,66
1447859092,242
1447859093,66
1447859094,156
1447859095,66
1447859096,156
1447859097,152
1447859098,66
1447859099,156
1447859100,66
1447859101,156
1447859102,152
1447859103,156
1447859104,66
1447859105,66
1447859106,66
1447859107,242
1447859108,156
1447859109,66
1447859110,66
1447859111,156
1447859112,152
1447859113,66
1447859114,156
1447859115,156
1447859116,66
1447859117,152
1447859118,336
**************************payload****************************
1447858904,39944
1447858905,86140
1447858906,89060
1447858907,87604
1447858908,60411
1447858911,31274
1447858912,55480
1447858913,35040
1447858914,55480
1447858915,43800
1447858916,52560
1447858917,87600
1447858918,1460
1447858919,32120
1447858920,52560
1447858921,70080
1447858922,32120
1447858923,54020
1447858924,48180
1447858925,51100
1447858926,97820
1447858927,8760
1447858928,148920
1447858931,102200
1447858933,23360
1447858934,36500
1447858935,45260
1447858936,42340
1447858937,55480
1447858938,26280
1447858939,46720
1447858940,105001
1447858941,1460
1447858942,62780
1447858943,39420
1447858944,51100
1447858945,164980
1447858947,7300
1447858948,55480
1447858949,59860
1447858950,51100
1447858951,48180
