**************************overload****************************
1447857813,66
1447857814,66
1447857815,152
1447857816,66
1447857817,66
1447857818,66
1447857819,66
1447857820,152
1447857821,66
1447857822,66
1447857823,66
1447857824,66
1447857825,152
1447857826,66
1447857827,66
1447857828,66
1447857829,66
1447857830,152
1447857831,66
1447857832,66
1447857833,66
1447857834,66
1447857835,152
1447857836,66
1447857837,66
1447857838,66
1447857839,66
1447857840,152
1447857841,66
1447857842,66
1447857843,66
1447857844,66
1447857845,152
1447857846,66
1447857847,66
1447857848,66
1447857849,66
1447857850,152
1447857851,66
1447857852,66
1447857853,66
1447857854,66
1447857855,152
1447857856,66
1447857857,66
1447857858,66
1447857859,66
1447857860,152
1447857861,66
1447857862,66
1447857863,66
1447857864,66
1447857865,152
1447857866,66
1447857867,66
1447857868,66
1447857869,66
1447857870,152
1447857871,66
1447857872,66
1447857873,66
1447857874,66
1447857875,152
1447857876,66
1447857877,66
1447857878,66
1447857879,66
1447857880,152
1447857881,66
1447857882,66
1447857883,66
1447857884,66
1447857885,152
1447857886,66
1447857887,66
1447857888,66
1447857889,66
1447857890,86
1447857891,66
1447857892,66
1447857893,66
1447857894,66
1447857895,152
1447857896,66
1447857897,66
1447857898,66
1447857899,66
1447857900,152
1447857901,66
1447857902,66
1447857903,66
1447857904,66
1447857905,152
1447857906,66
1447857907,66
1447857908,66
1447857909,66
1447857910,152
1447857911,66
1447857912,66
1447857913,66
1447857914,66
1447857915,152
1447857916,66
1447857917,66
1447857918,66
1447857919,66
1447857920,152
1447857921,66
1447857922,66
1447857923,66
1447857924,66
1447857925,66
1447857926,66
1447857927,66
1447857928,66
1447857929,66
1447857930,152
1447857931,66
1447857932,66
1447857933,66
1447857934,66
1447857935,152
1447857936,66
1447857937,66
1447857938,66
1447857939,66
1447857940,152
1447857941,66
1447857942,66
1447857943,66
1447857944,66
1447857945,66
1447857946,66
1447857947,66
1447857948,66
1447857949,66
1447857950,152
1447857951,66
1447857952,66
1447857953,66
1447857954,66
1447857955,242
1447857956,640
1447857957,2908
1447857958,2748
1447857959,1452
1447857960,242
1447857961,66
1447857962,66
1447857963,66
1447857964,66
1447857965,152
1447857966,66
1447857967,426
1447857968,66
1447857969,426
1447857970,152
1447857971,426
1447857972,66
1447857973,66
1447857974,66
1447857975,152
1447857976,66
1447857977,66
1447857978,66
1447857979,66
1447857980,152
1447857981,66
1447857982,66
1447857983,66
1447857984,66
1447857985,152
1447857986,66
1447857987,66
1447857988,66
1447857989,1416
1447857990,1340
1447857991,1200
1447857992,1308
1447857993,2496
1447857994,1848
1447857995,1178
1447857996,1740
1447857997,1470
1447857998,1578
1447857999,1848
1447858000,1340
1447858001,1902
1447858002,1740
1447858003,1416
1447858004,120
1447858005,1502
1447858006,1578
1447858007,66
1447858008,66
1447858009,606
1447858010,1448
1447858011,1470
1447858012,1524
1447858013,606
1447858014,66
1447858015,872
1447858016,336
1447858017,516
1447858018,66
1447858019,786
1447858020,152
1447858021,1578
1447858022,1686
1447858023,1578
1447858024,1416
1447858025,1394
1447858026,1362
1447858027,1848
1447858028,444
1447858029,2766
1447858030,152
1447858031,66
1447858032,66
1447858033,66
1447858034,66
1447858035,66
1447858036,152
1447858037,66
1447858038,66
1447858039,66
1447858040,66
1447858041,152
1447858042,66
1447858043,66
1447858044,66
1447858045,66
1447858046,152
1447858047,66
1447858049,66
1447858050,66
1447858051,152
1447858052,66
1447858053,66
1447858054,132
1447858055,66
1447858056,152
1447858057,66
1447858059,66
1447858060,66
1447858061,152
1447858062,66
1447858063,66
1447858064,66
1447858065,132
1447858066,86
1447858067,66
1447858068,66
1447858069,66
1447858070,66
1447858071,152
1447858072,66
1447858073,66
1447858074,66
1447858075,66
1447858076,152
1447858077,66
1447858078,66
1447858079,66
1447858080,66
1447858081,152
1447858082,66
1447858083,156
1447858084,156
**************************payload****************************
1447857956,156
1447857957,648
1447857958,576
1447857959,288
1447857989,372
1447857990,264
1447857991,252
1447857992,276
1447857993,852
1447857994,504
1447857995,228
1447857996,372
1447857997,312
1447857998,336
1447857999,396
1447858000,264
1447858001,408
1447858002,372
1447858003,300
1447858004,24
1447858005,312
1447858006,336
1447858010,300
1447858011,192
1447858012,324
1447858021,348
1447858022,360
1447858023,336
1447858024,300
1447858025,276
1447858026,288
1447858027,396
1447858028,84
1447858029,600
