**************************overload****************************
1447857817,66
1447857818,152
1447857819,66
1447857820,66
1447857821,66
1447857822,66
1447857823,152
1447857824,66
1447857825,66
1447857826,66
1447857827,66
1447857828,66
1447857829,66
1447857830,66
1447857831,66
1447857832,66
1447857833,152
1447857834,66
1447857835,66
1447857836,66
1447857837,66
1447857838,152
1447857839,66
1447857840,66
1447857841,66
1447857842,66
1447857843,152
1447857844,66
1447857845,66
1447857846,66
1447857847,66
1447857848,152
1447857849,66
1447857850,66
1447857851,66
1447857852,66
1447857853,152
1447857854,66
1447857855,66
1447857856,66
1447857857,66
1447857858,1394
1447857859,3252
1447857860,3306
1447857861,3522
1447857862,3306
1447857863,2586
1447857864,2606
1447857865,1812
1447857866,3468
1447857867,1578
1447857868,2592
1447857869,2816
1447857870,2628
1447857871,1134
1447857872,1566
1447857873,3396
1447857874,810
1447857875,2334
1447857876,4604
1447857878,2784
1447857879,2568
1447857880,1524
1447857881,2516
1447857882,2298
1447857883,2370
1447857884,18414
1447857885,23004
1447857886,16308
1447857887,22734
1447857888,9180
1447857890,86
1447857903,536
1447857904,5466
1447857905,66
1447857906,66
1447857907,66
1447857908,152
1447857909,66
1447857910,66
1447857911,66
1447857912,696
1447857913,962
1447857914,66
1447857915,66
1447857916,66
1447857917,66
1447857918,152
1447857920,66
1447857921,66
1447857922,66
1447857923,152
1447857924,66
1447857925,66
1447857926,66
1447857927,66
1447857928,152
1447857929,66
1447857930,66
1447857931,66
1447857932,66
1447857933,152
1447857934,66
1447857935,66
1447857936,66
1447857937,66
1447857938,152
1447857939,66
1447857940,66
1447857941,66
1447857942,66
1447857943,152
1447857944,66
1447857945,66
1447857946,66
1447857947,66
1447857948,152
1447857949,66
1447857950,66
1447857951,66
1447857952,66
1447857953,152
1447857954,66
1447857955,66
1447857956,66
1447857957,66
1447857958,152
1447857959,66
1447857960,66
1447857961,66
1447857962,66
1447857963,152
1447857964,66
1447857965,66
1447857966,66
1447857967,66
1447857968,152
1447857969,66
1447857970,66
1447857971,66
1447857972,66
1447857973,152
1447857974,66
1447857975,66
1447857976,66
1447857977,66
1447857978,152
1447857979,66
1447857980,66
1447857981,66
1447857982,66
1447857983,152
1447857984,66
1447857985,66
1447857986,66
1447857987,66
1447857988,152
1447857989,66
1447857990,66
1447857991,66
1447857992,66
1447857993,152
1447857994,66
1447857995,66
1447857996,66
1447857997,66
1447857998,152
1447857999,66
1447858000,66
1447858001,66
1447858002,66
1447858003,152
1447858005,132
1447858007,66
1447858008,152
1447858009,66
1447858010,66
1447858011,132
1447858013,152
1447858014,66
1447858015,66
1447858016,66
1447858017,66
1447858018,152
1447858019,66
1447858020,66
1447858021,66
1447858022,66
1447858023,152
1447858024,66
1447858025,66
1447858026,66
1447858027,66
1447858028,152
1447858029,66
1447858030,66
1447858031,66
1447858032,66
1447858033,152
1447858034,66
1447858035,66
1447858036,66
1447858037,66
1447858038,152
1447858039,66
1447858040,66
1447858041,66
1447858042,66
1447858043,152
1447858044,66
1447858045,66
1447858046,66
1447858047,66
1447858048,152
1447858049,66
1447858050,66
1447858051,66
1447858052,66
1447858053,152
1447858054,66
1447858055,66
1447858056,66
1447858057,66
1447858058,152
1447858059,66
1447858060,66
1447858061,66
1447858062,66
1447858063,152
1447858064,66
1447858065,66
1447858066,66
1447858067,66
1447858068,152
1447858069,66
1447858070,66
1447858071,66
1447858072,66
1447858073,152
1447858074,66
1447858075,66
1447858076,66
1447858077,66
1447858078,152
1447858079,66
1447858080,66
1447858081,66
1447858082,66
1447858083,152
1447858084,66
1447858085,66
1447858086,246
**************************payload****************************
1447857858,25567
1447857859,80195
1447857860,85155
1447857861,93440
1447857862,87600
1447857863,43800
1447857864,65700
1447857865,35040
1447857866,70080
1447857867,11680
1447857868,70080
1447857869,67160
1447857870,68577
1447857871,30660
1447857872,42340
1447857875,51844
1447857876,119630
1447857878,46720
1447857879,61448
1447857880,17520
1447857881,65700
1447857882,18980
1447857883,59042
1447857884,497860
1447857885,620247
1447857886,440920
1447857887,614660
1447857888,247929
