**************************overload****************************
1447857815,66
1447857816,66
1447857817,66
1447857818,66
1447857819,66
1447857820,152
1447857821,66
1447857822,66
1447857823,66
1447857824,66
1447857825,152
1447857826,66
1447857827,66
1447857828,66
1447857829,66
1447857830,152
1447857831,66
1447857832,66
1447857833,66
1447857834,66
1447857835,152
1447857836,66
1447857837,66
1447857838,66
1447857839,66
1447857840,152
1447857841,66
1447857842,66
1447857843,66
1447857844,66
1447857845,152
1447857846,66
1447857847,66
1447857848,66
1447857849,66
1447857850,152
1447857851,66
1447857852,66
1447857853,66
1447857854,66
1447857855,152
1447857856,66
1447857857,66
1447857858,822
1447857859,3306
1447857860,3252
1447857861,3252
1447857862,3198
1447857863,2960
1447857864,1362
1447857865,1560
1447857866,1002
1447857867,2154
1447857868,1542
1447857869,1452
1447857870,1664
1447857871,1164
1447857872,2676
1447857873,786
1447857874,876
1447857875,1884
1447857876,1884
1447857877,1146
1447857878,2262
1447857879,2114
1447857880,1992
1447857881,3090
1447857882,3720
1447857883,3972
1447857884,3792
1447857885,4620
1447857886,8586
1447857887,4698
1447857888,2646
1447857890,1772
1447857891,156
1447857892,1146
1447857893,336
1447857894,786
1447857895,602
1447857896,876
1447857897,966
1447857898,876
1447857899,966
1447857900,1142
1447857901,1056
1447857902,1146
1447857903,1236
1447857904,1146
1447857905,1146
1447857906,1326
1447857907,1236
1447857908,1146
1447857909,1326
1447857910,1322
1447857911,1146
1447857912,1146
1447857913,1416
1447857914,1146
1447857915,1146
1447857916,1326
1447857917,1146
1447857918,1236
1447857919,1326
1447857920,1322
1447857921,1146
1447857922,1326
1447857923,1236
1447857924,1146
1447857925,1326
1447857926,1236
1447857927,1146
1447857928,1326
1447857929,1236
1447857930,1232
1447857931,1326
1447857932,1236
1447857933,1146
1447857934,1326
1447857935,1322
1447857936,966
1447857937,1056
1447857938,876
1447857939,786
1447857940,696
1447857941,696
1447857942,606
1447857943,696
1447857944,606
1447857945,692
1447857946,696
1447857947,696
1447857948,606
1447857949,696
1447857950,692
1447857951,606
1447857952,696
1447857953,696
1447857954,696
1447857955,480
1447857956,966
1447857957,3072
1447857958,12150
1447857959,8478
1447857963,386
1447857964,120
1447857965,120
1447857966,66
1447857967,228
1447857968,66
1447857969,66
1447857970,152
1447857971,66
1447857972,66
1447857973,66
1447857974,66
1447857975,152
1447857976,66
1447857977,66
1447857978,66
1447857979,66
1447857980,152
1447857981,66
1447857982,66
1447857983,66
1447857984,66
1447857985,152
1447857986,66
1447857987,66
1447857988,66
1447857989,2604
1447857990,4202
1447857991,2766
1447857992,3348
1447857993,3090
1447857994,2808
1447857995,1988
1447857996,3144
1447857997,3198
1447857998,3252
1447857999,3360
1447858000,3446
1447858001,3252
1447858002,9300
1447858003,1512
1447858005,4364
1447858006,10692
1447858009,390
1447858010,3542
1447858011,7398
1447858012,6318
1447858013,54
1447858014,54
1447858015,422
1447858016,66
1447858017,66
1447858018,66
1447858019,66
1447858020,152
1447858021,2442
1447858022,3360
1447858023,3090
1447858024,3360
1447858025,3392
1447858026,3522
1447858027,3360
1447858028,3618
1447858029,5724
1447858030,152
1447858031,66
1447858032,66
1447858033,66
1447858034,66
1447858035,152
1447858036,66
1447858037,66
1447858038,66
1447858039,66
1447858040,152
1447858041,66
1447858042,66
1447858043,66
1447858044,66
1447858045,152
1447858046,66
1447858047,66
1447858048,66
1447858049,66
1447858050,152
1447858051,66
1447858052,66
1447858053,66
1447858054,66
1447858055,152
1447858056,66
1447858057,66
1447858058,66
1447858059,66
1447858060,66
1447858061,66
1447858062,66
1447858063,66
1447858064,66
1447858065,152
1447858066,66
1447858067,66
1447858068,66
1447858069,66
1447858070,152
1447858071,66
1447858072,66
1447858073,66
1447858074,66
1447858075,152
1447858076,66
1447858077,66
1447858078,66
1447858079,66
1447858080,152
1447858081,66
1447858082,66
1447858083,66
1447858084,66
1447858085,270
**************************payload****************************
1447857858,210
1447857859,720
1447857860,708
1447857861,708
1447857862,696
1447857863,384
1447857864,48
1447857865,312
1447857866,168
1447857867,144
1447857868,168
1447857869,228
1447857870,216
1447857871,24
1447857872,360
1447857875,144
1447857876,204
1447857878,288
1447857879,216
1447857880,168
1447857881,624
1447857882,1568
1447857883,2080
1447857884,600
1447857885,792
1447857886,3000
1447857887,1044
1447857888,588
1447857955,1460
1447857956,13363
1447857957,78840
1447857958,328500
1447857959,229220
1447857963,1460
1447857964,1460
1447857965,1460
1447857967,4380
1447857989,68620
1447857990,109500
1447857991,73000
1447857992,90520
1447857993,81760
1447857994,75920
1447857995,49640
1447857996,83220
1447857997,84680
1447857998,86140
1447857999,89060
1447858000,89060
1447858001,86140
1447858002,249660
1447858003,40880
1447858005,113880
1447858006,289080
1447858009,8712
1447858010,93416
1447858011,198572
1447858012,170820
1447858013,1460
1447858014,1460
1447858015,7300
1447858021,64240
1447858022,89060
1447858023,81760
1447858024,89060
1447858025,87600
1447858026,93440
1447858027,89060
1447858028,97820
1447858029,153405
