**************************overload****************************
1447859894,156
1447859895,242
1447859896,156
1447859897,246
1447859898,156
1447859899,246
1447859900,242
1447859901,246
1447859902,156
1447859903,246
1447859904,156
1447859905,332
1447859906,156
1447859907,246
1447859908,156
1447859909,246
1447859910,332
1447859911,156
1447859912,246
1447859913,156
1447859914,246
1447859915,242
1447859916,336
1447859917,66
1447859918,336
1447859919,66
1447859920,422
1447859921,66
1447859922,336
1447859923,66
1447859924,336
1447859925,152
1447859926,336
1447859927,156
1447859928,246
1447859929,156
1447859930,332
1447859931,156
1447859932,246
1447859933,156
1447859934,246
1447859935,656
1447859936,1128
1447859937,2298
1447859938,2100
1447859939,1362
1447859940,1664
1447859941,2064
1447859942,2010
1447859943,1470
1447859944,1740
1447859945,2312
1447859946,822
1447859947,1038
1447859948,2064
1447859949,1956
1447859950,1826
1447859951,606
1447859952,156
1447859953,246
1447859954,156
1447859955,332
1447859956,426
1447859957,336
1447859958,426
1447859959,156
1447859960,692
1447859961,246
1447859962,390
1447859963,408
1447859964,534
1447859965,152
1447859966,336
1447859967,444
1447859968,336
1447859969,66
1447859970,908
1447859971,66
1447859972,336
1447859973,66
1447859974,336
1447859975,242
1447859976,246
1447859977,156
1447859978,246
1447859979,156
1447859980,332
1447859981,156
1447859982,246
1447859983,180
1447859984,156
1447859985,332
1447859986,156
1447859987,336
1447859988,66
1447859989,402
1447859990,152
1447859991,270
1447859992,336
1447859993,246
1447859994,336
1447859995,242
1447859996,426
1447859997,66
1447859998,246
1447859999,156
1447860000,332
1447860001,132
1447860002,270
1447860003,156
1447860004,246
1447860005,242
1447860006,246
1447860007,156
1447860008,246
1447860009,156
1447860010,332
1447860011,312
1447860012,156
1447860013,246
1447860014,156
1447860015,332
1447860016,90
1447860017,336
1447860018,66
1447860019,336
1447860020,152
1447860021,336
1447860022,66
1447860023,336
1447860024,66
1447860025,422
1447860026,66
1447860027,336
1447860028,156
1447860029,246
1447860030,242
1447860031,246
1447860032,156
1447860033,246
1447860034,480
1447860035,1088
1447860036,3180
1447860037,3486
1447860038,3324
1447860039,2640
1447860040,3356
1447860041,3018
1447860042,3612
1447860043,2622
1447860044,3576
1447860045,2528
1447860046,3558
1447860047,2946
1447860048,264
1447860049,3324
1447860050,3212
1447860051,3216
1447860052,3342
1447860053,5106
1447860054,1722
1447860055,3248
1447860056,3024
1447860057,2604
1447860058,2820
1447860059,3252
1447860060,3446
1447860061,3684
1447860062,4278
1447860063,3186
1447860064,1146
1447860065,242
1447860066,246
1447860067,246
1447860068,156
1447860069,336
1447860070,152
1447860071,336
1447860072,66
1447860073,336
1447860074,66
1447860075,422
1447860076,66
1447860077,336
1447860078,156
1447860079,246
1447860080,242
1447860081,246
1447860082,156
1447860083,246
1447860084,156
1447860085,332
1447860086,246
1447860087,156
1447860088,246
1447860089,156
1447860090,422
1447860091,66
1447860092,336
1447860093,66
1447860094,336
1447860095,152
1447860096,246
1447860097,66
1447860098,156
1447860099,66
1447860100,152
1447860101,66
1447860102,66
1447860103,66
1447860104,66
1447860105,152
1447860106,66
1447860107,66
1447860108,66
1447860109,66
1447860110,152
1447860111,66
1447860112,66
1447860113,66
1447860114,66
1447860115,152
1447860116,66
1447860117,66
1447860118,66
1447860119,66
1447860120,152
1447860121,66
1447860122,66
1447860123,66
1447860124,66
1447860125,152
1447860126,66
1447860127,66
1447860128,66
1447860129,66
1447860130,152
1447860131,66
1447860132,66
1447860133,66
1447860134,66
1447860135,152
1447860136,66
1447860137,66
1447860138,66
1447860139,66
1447860140,152
1447860141,66
1447860142,66
1447860143,66
1447860144,66
1447860145,152
1447860146,66
1447860147,66
1447860148,66
1447860149,66
1447860150,332
1447860151,246
1447860152,156
1447860153,66
1447860154,336
1447860155,242
1447860156,156
1447860157,156
1447860158,156
1447860159,246
1447860160,152
1447860161,156
1447860162,336
1447860163,90
**************************payload****************************
1447859935,3129
1447859936,216
1447859937,456
1447859938,432
1447859939,228
1447859940,336
1447859941,444
1447859942,432
1447859943,252
1447859944,372
1447859945,420
1447859946,168
1447859947,156
1447859948,516
1447859949,360
1447859950,372
1447859951,60
1447859962,13
1447859963,0
1447859964,0
1447859967,3141
1447859970,3165
1447860034,114
1447860035,16637
1447860036,73312
1447860037,82470
1447860038,80593
1447860039,63198
1447860040,75786
1447860041,75597
1447860042,86018
1447860043,60587
1447860044,88828
1447860045,56940
1447860046,90619
1447860047,70824
1447860048,2920
1447860049,83220
1447860050,80300
1447860051,80300
1447860052,86140
1447860053,131400
1447860054,42340
1447860055,78840
1447860056,81760
1447860057,61320
1447860058,74460
1447860059,78840
1447860060,89060
1447860061,90520
1447860062,113880
1447860063,86140
1447860064,21647
