**************************overload****************************
1447859897,66
1447859898,66
1447859899,66
1447859900,66
1447859901,152
1447859902,66
1447859903,66
1447859904,66
1447859905,66
1447859906,152
1447859907,66
1447859908,66
1447859909,66
1447859910,66
1447859911,152
1447859912,66
1447859913,66
1447859914,66
1447859915,66
1447859916,152
1447859917,66
1447859918,66
1447859919,66
1447859920,66
1447859921,152
1447859922,66
1447859923,66
1447859924,66
1447859925,66
1447859926,152
1447859927,66
1447859928,66
1447859929,66
1447859930,66
1447859931,152
1447859933,312
1447859934,156
1447859935,558
1447859936,1484
1447859937,2244
1447859938,9606
1447859939,7560
1447859940,8262
1447859941,5432
1447859942,7830
1447859943,5616
1447859944,6534
1447859945,7560
1447859946,5702
1447859947,4104
1447859948,5508
1447859949,4428
1447859950,8532
1447859962,206
1447859963,498
1447859964,1016
1447859965,336
1447859966,336
1447859967,602
1447859968,336
1447859969,66
1447859970,876
1447859971,66
1447859972,422
1447859974,336
1447859975,156
1447859976,246
1447859977,242
1447859978,246
1447859979,156
1447859980,246
1447859981,156
1447859982,332
1447859983,246
1447859984,66
1447859985,66
1447859986,66
1447859987,218
1447859988,66
1447859990,66
1447859991,66
1447859992,152
1447859993,66
1447859994,66
1447859995,66
1447859996,66
1447859997,152
1447859998,66
1447859999,132
1447860000,66
1447860001,66
1447860002,152
1447860004,66
1447860005,66
1447860006,66
1447860007,152
1447860008,66
1447860009,66
1447860010,66
1447860011,66
1447860012,152
1447860013,66
1447860014,66
1447860015,66
1447860016,66
1447860017,152
1447860018,66
1447860019,66
1447860020,66
1447860021,66
1447860022,152
1447860023,66
1447860024,66
1447860025,66
1447860026,66
1447860027,152
1447860028,66
1447860029,66
1447860030,66
1447860031,66
1447860032,152
1447860033,66
1447860034,66
1447860035,66
1447860036,66
1447860037,152
1447860038,66
1447860039,66
1447860040,66
1447860041,66
1447860042,152
1447860043,66
1447860044,66
1447860045,66
1447860046,66
1447860047,152
1447860048,66
1447860049,66
1447860050,66
1447860051,66
1447860052,152
1447860053,66
1447860054,66
1447860055,66
1447860056,66
1447860057,152
1447860058,66
1447860059,66
1447860060,66
1447860061,66
1447860062,152
1447860063,66
1447860064,66
1447860065,66
1447860066,66
1447860067,152
1447860068,66
1447860069,66
1447860070,66
1447860071,66
1447860072,152
1447860073,66
1447860074,66
1447860075,66
1447860076,66
1447860077,152
1447860078,66
1447860079,66
1447860080,66
1447860081,66
1447860082,152
1447860083,66
1447860084,66
1447860085,66
1447860086,66
1447860087,152
1447860088,66
1447860089,66
1447860090,66
1447860091,66
1447860092,152
1447860093,66
1447860094,66
1447860095,66
1447860096,66
1447860097,152
1447860098,66
1447860099,66
1447860100,66
1447860101,66
1447860102,152
1447860103,66
1447860104,66
1447860105,66
1447860106,66
1447860107,152
1447860108,66
1447860109,66
1447860110,66
1447860111,66
1447860112,152
1447860113,66
1447860114,66
1447860115,66
1447860116,66
1447860117,152
1447860118,66
1447860119,66
1447860120,66
1447860121,66
1447860122,152
1447860123,66
1447860124,66
1447860125,66
1447860126,66
1447860127,152
1447860128,66
1447860129,66
1447860130,66
1447860131,66
1447860132,152
1447860133,66
1447860134,66
1447860135,66
1447860136,66
1447860137,152
1447860138,66
1447860139,66
1447860140,66
1447860142,152
1447860143,66
1447860144,66
1447860145,66
1447860146,66
1447860147,152
1447860148,66
1447860149,66
1447860150,66
1447860151,66
1447860152,152
1447860153,66
1447860154,66
1447860155,66
1447860156,66
1447860157,218
1447860158,66
1447860159,66
1447860160,66
1447860161,66
1447860162,86
1447860163,66
1447860164,426
**************************payload****************************
1447859935,126
1447859936,27202
1447859937,49072
1447859938,255500
1447859939,197100
1447859940,223380
1447859941,137240
1447859942,211700
1447859943,144540
1447859944,176660
1447859945,197100
1447859946,151840
1447859947,103660
1447859948,148920
1447859949,112420
1447859950,230680
1447859962,1460
1447859963,4380
1447859964,2920
1447859967,102
1447859970,3076
