**************************overload****************************
1447860152,66
1447860153,66
1447860154,66
1447860155,66
1447860156,152
1447860157,66
1447860158,66
1447860159,66
1447860160,66
1447860161,152
1447860162,66
1447860163,66
1447860164,66
1447860165,66
1447860166,152
1447860167,66
1447860168,66
1447860169,66
1447860170,66
1447860171,152
1447860172,66
1447860173,66
1447860174,66
1447860175,66
1447860176,152
1447860177,66
1447860178,66
1447860180,66
1447860181,218
1447860183,66
1447860184,132
1447860185,66
1447860186,66
1447860187,66
1447860189,66
1447860190,66
1447860191,380
1447860192,2700
1447860193,3576
1447860194,3360
1447860195,3360
1447860196,3284
1447860197,2100
1447860198,2154
1447860199,2028
1447860200,2640
1447860201,1710
1447860202,2420
1447860203,3186
1447860204,3456
1447860206,4206
1447860207,720
1447860208,5126
1447860209,12258
1447860210,15768
1447860211,13500
1447860212,3996
1447860213,86
1447860218,86
1447860223,86
1447860229,15652
1447860230,66
1447860231,66
1447860232,66
1447860236,206
1447860237,1646
1447860238,2916
1447860239,18414
1447860240,21924
1447860241,594
1447860242,2970
1447860243,108
1447860248,86
1447860253,86
1447860259,1682
1447860261,66
1447860262,66
1447860263,66
1447860264,152
1447860265,66
1447860266,66
1447860267,66
1447860268,66
1447860269,152
1447860270,66
1447860271,66
1447860272,66
1447860273,66
1447860274,66
1447860275,66
1447860276,66
1447860277,66
1447860278,66
1447860279,152
1447860280,66
1447860281,66
1447860282,66
1447860283,66
1447860284,152
1447860285,66
1447860286,66
1447860287,66
1447860288,66
1447860289,152
1447860290,66
1447860291,66
1447860292,66
1447860293,66
1447860294,152
1447860295,66
1447860296,66
1447860297,66
1447860298,66
1447860299,66
1447860300,66
1447860301,66
1447860302,66
1447860303,66
1447860304,152
1447860305,66
1447860306,66
1447860307,66
1447860308,66
1447860309,152
1447860310,66
1447860311,66
1447860312,66
1447860313,66
1447860314,152
1447860315,66
1447860316,66
1447860317,66
1447860318,66
1447860319,152
1447860320,66
1447860321,66
1447860322,66
1447860323,66
1447860324,152
1447860325,66
1447860326,66
1447860327,66
1447860328,66
1447860329,152
1447860330,66
1447860331,66
1447860332,66
1447860333,66
1447860334,152
1447860335,66
1447860336,66
1447860337,66
1447860338,66
1447860339,152
1447860340,66
1447860341,66
1447860343,132
1447860344,86
1447860345,66
1447860346,66
1447860347,66
1447860348,66
1447860349,152
1447860350,66
1447860351,66
1447860352,66
1447860353,66
1447860354,152
1447860355,66
1447860356,66
1447860357,66
1447860358,66
1447860359,152
1447860360,66
1447860361,66
1447860362,66
1447860363,66
1447860364,152
1447860365,66
1447860366,66
1447860367,66
1447860368,66
1447860369,152
1447860370,66
1447860371,66
1447860372,66
1447860373,66
1447860374,152
1447860375,66
1447860376,66
1447860377,66
1447860378,66
1447860379,152
1447860380,66
1447860381,66
1447860382,66
1447860383,66
1447860384,152
1447860385,66
1447860386,66
1447860387,66
1447860388,66
1447860389,152
1447860390,66
1447860391,66
1447860392,66
1447860393,66
1447860394,152
1447860395,66
1447860396,66
1447860397,66
1447860398,66
1447860399,152
1447860400,66
1447860401,66
1447860402,66
1447860403,66
1447860404,152
1447860405,66
1447860406,66
1447860407,66
1447860408,66
1447860409,152
1447860410,66
1447860411,66
1447860412,66
1447860413,66
1447860414,152
1447860415,66
1447860416,66
1447860417,66
1447860418,156
1447860419,156
**************************payload****************************
1447860191,78
1447860192,60630
1447860193,88715
1447860194,89060
1447860195,88783
1447860196,70080
1447860197,52560
1447860198,39420
1447860199,48180
1447860200,67160
1447860201,43800
1447860202,32120
1447860203,86140
1447860204,93440
1447860208,121493
1447860209,331420
1447860210,426320
1447860211,365000
1447860212,108040
1447860236,1460
1447860237,10220
1447860238,64240
1447860239,497860
1447860240,592760
1447860241,16060
1447860242,80300
1447860243,2413
