**************************overload****************************
1447860148,66
1447860149,66
1447860150,66
1447860151,66
1447860152,66
1447860153,66
1447860154,66
1447860155,152
1447860156,66
1447860157,66
1447860158,66
1447860159,66
1447860160,152
1447860161,66
1447860162,66
1447860163,66
1447860164,66
1447860165,152
1447860166,66
1447860167,66
1447860168,66
1447860169,66
1447860170,152
1447860171,66
1447860172,66
1447860173,66
1447860174,66
1447860175,152
1447860176,66
1447860177,66
1447860178,66
1447860179,66
1447860180,152
1447860181,66
1447860182,66
1447860183,66
1447860184,66
1447860185,152
1447860186,66
1447860187,66
1447860188,66
1447860189,66
1447860190,152
1447860191,66
1447860192,66
1447860193,66
1447860194,66
1447860195,152
1447860196,66
1447860197,66
1447860198,66
1447860199,66
1447860200,152
1447860201,66
1447860202,66
1447860203,66
1447860204,66
1447860205,152
1447860206,66
1447860207,66
1447860208,66
1447860209,66
1447860210,152
1447860211,66
1447860212,66
1447860213,66
1447860214,66
1447860215,152
1447860216,66
1447860217,66
1447860218,66
1447860219,66
1447860220,152
1447860221,66
1447860222,66
1447860223,66
1447860224,66
1447860225,66
1447860226,66
1447860227,66
1447860228,66
1447860229,66
1447860230,152
1447860231,66
1447860232,66
1447860233,66
1447860234,66
1447860235,152
1447860236,66
1447860237,66
1447860238,66
1447860239,66
1447860240,152
1447860241,66
1447860242,66
1447860243,66
1447860245,152
1447860246,66
1447860247,66
1447860248,66
1447860249,66
1447860250,152
1447860251,66
1447860252,66
1447860253,66
1447860254,66
1447860255,152
1447860256,66
1447860257,66
1447860258,66
1447860259,66
1447860260,66
1447860261,66
1447860262,66
1447860263,66
1447860264,66
1447860265,152
1447860266,66
1447860267,66
1447860268,66
1447860269,66
1447860270,66
1447860271,66
1447860272,66
1447860273,66
1447860274,66
1447860275,152
1447860276,66
1447860277,66
1447860278,66
1447860279,66
1447860280,66
1447860281,66
1447860282,66
1447860283,66
1447860284,66
1447860285,152
1447860286,66
1447860287,66
1447860288,66
1447860289,66
1447860290,688
1447860291,3306
1447860292,2110
1447860293,2010
1447860294,1848
1447860295,1826
1447860296,1956
1447860297,606
1447860298,120
1447860299,66
1447860300,66
1447860301,66
1447860302,426
1447860303,426
1447860304,66
1447860305,1502
1447860306,2586
1447860307,1848
1447860308,1848
1447860309,1542
1447860310,152
1447860311,516
1447860312,66
1447860313,516
1447860314,66
1447860315,66
1447860316,66
1447860317,1116
1447860318,1830
1447860319,2118
1447860320,2258
1447860321,1254
1447860322,156
1447860323,426
1447860324,66
1447860325,516
1447860326,66
1447860327,66
1447860328,66
1447860329,66
1447860330,1034
1447860331,1326
1447860332,1200
1447860333,1902
1447860334,570
1447860335,66
1447860336,152
1447860337,66
1447860338,66
1447860339,66
1447860340,66
1447860341,152
1447860342,66
1447860343,66
1447860344,66
1447860345,66
1447860346,152
1447860347,66
1447860348,66
1447860349,66
1447860350,66
1447860351,152
1447860352,66
1447860353,66
1447860354,66
1447860355,66
1447860356,152
1447860357,66
1447860358,66
1447860359,66
1447860360,66
1447860361,152
1447860362,66
1447860363,66
1447860364,66
1447860365,66
1447860366,152
1447860367,66
1447860368,66
1447860369,66
1447860370,66
1447860371,152
1447860372,66
1447860373,66
1447860374,66
1447860375,66
1447860376,152
1447860377,66
1447860378,66
1447860379,66
1447860380,66
1447860381,152
1447860382,66
1447860383,66
1447860384,66
1447860385,66
1447860386,152
1447860387,66
1447860388,66
1447860389,66
1447860390,66
1447860391,152
1447860392,66
1447860393,66
1447860394,66
1447860395,66
1447860396,152
1447860397,66
1447860398,66
1447860399,66
1447860400,66
1447860401,66
1447860402,66
1447860403,66
1447860404,66
1447860405,66
1447860406,152
1447860407,66
1447860408,66
1447860409,66
1447860410,66
1447860411,152
1447860412,66
1447860413,66
1447860414,66
1447860415,66
1447860416,332
**************************payload****************************
1447860290,132
1447860291,720
1447860292,372
1447860293,432
1447860294,396
1447860295,372
1447860296,420
1447860297,120
1447860298,12
1447860305,324
1447860306,480
1447860307,396
1447860308,396
1447860309,228
1447860317,240
1447860318,372
1447860319,456
1447860320,468
1447860321,144
1447860330,168
1447860331,240
1447860332,252
1447860333,408
1447860334,72
