**************************overload****************************
1447861961,66
1447861962,66
1447861963,66
1447861964,66
1447861965,152
1447861966,66
1447861967,66
1447861968,66
1447861969,66
1447861970,152
1447861971,66
1447861972,66
1447861973,66
1447861974,66
1447861975,152
1447861976,66
1447861977,66
1447861978,66
1447861979,66
1447861980,152
1447861981,66
1447861982,66
1447861983,66
1447861984,66
1447861985,152
1447861986,66
1447861987,66
1447861988,66
1447861989,66
1447861990,66
1447861991,66
1447861992,66
1447861993,66
1447861994,66
1447861995,152
1447861996,66
1447861997,66
1447861998,66
1447861999,66
1447862000,66
1447862001,66
1447862002,66
1447862003,66
1447862004,66
1447862005,152
1447862006,66
1447862007,66
1447862008,66
1447862009,66
1447862010,66
1447862011,66
1447862012,66
1447862013,66
1447862014,66
1447862015,152
1447862016,66
1447862017,66
1447862018,66
1447862019,66
1447862020,66
1447862021,66
1447862022,66
1447862023,66
1447862024,66
1447862025,152
1447862026,66
1447862027,66
1447862028,66
1447862029,66
1447862030,66
1447862031,66
1447862032,66
1447862033,66
1447862034,66
1447862035,152
1447862036,66
1447862037,66
1447862038,66
1447862039,66
1447862040,152
1447862041,66
1447862042,66
1447862043,66
1447862044,66
1447862045,152
1447862046,66
1447862048,66
1447862049,66
1447862050,152
1447862051,66
1447862052,66
1447862053,66
1447862054,132
1447862055,86
1447862056,66
1447862057,66
1447862058,132
1447862059,66
1447862061,66
1447862062,66
1447862063,66
1447862064,66
1447862065,152
1447862066,66
1447862067,66
1447862068,66
1447862069,66
1447862070,218
1447862072,66
1447862073,66
1447862074,66
1447862075,66
1447862076,66
1447862077,66
1447862078,66
1447862079,66
1447862080,152
1447862081,66
1447862082,66
1447862083,66
1447862084,66
1447862085,152
1447862086,66
1447862087,66
1447862088,66
1447862089,66
1447862090,152
1447862091,66
1447862092,66
1447862093,66
1447862094,66
1447862095,66
1447862096,66
1447862097,66
1447862098,66
1447862099,66
1447862100,152
1447862101,66
1447862102,66
1447862103,66
1447862104,66
1447862105,66
1447862106,152
1447862107,1686
1447862108,2656
1447862109,1794
1447862110,714
1447862111,66
1447862112,66
1447862113,152
1447862114,550
1447862115,1792
1447862116,1740
1447862117,1416
1447862118,1988
1447862119,1524
1447862120,1956
1447862121,1146
1447862122,1524
1447862123,476
1447862124,2118
1447862125,282
1447862126,66
1447862127,1056
1447862128,872
1447862129,1812
1447862130,1740
1447862131,2298
1447862132,1398
1447862133,768
1447862134,152
1447862135,66
1447862136,66
1447862137,66
1447862138,66
1447862139,152
1447862140,66
1447862141,66
1447862142,66
1447862143,66
1447862144,152
1447862145,66
1447862146,66
1447862147,66
1447862148,66
1447862149,152
1447862150,66
1447862151,66
1447862152,66
1447862153,66
1447862154,152
1447862155,66
1447862156,66
1447862157,66
1447862158,66
1447862159,152
1447862160,66
1447862161,66
1447862162,66
1447862163,66
1447862164,152
1447862165,66
1447862166,66
1447862167,66
1447862168,66
1447862169,152
1447862170,66
1447862171,66
1447862172,66
1447862173,66
1447862174,152
1447862175,66
1447862176,66
1447862177,66
1447862178,66
1447862179,152
1447862180,66
1447862181,66
1447862183,66
1447862184,152
1447862185,66
1447862186,132
1447862187,66
1447862188,66
1447862189,152
1447862190,66
1447862191,66
1447862193,66
1447862194,152
1447862195,66
1447862196,66
1447862197,66
1447862198,66
1447862199,152
1447862200,66
1447862201,66
1447862202,66
1447862203,66
1447862204,152
1447862205,66
1447862206,66
1447862207,66
1447862208,66
1447862209,152
1447862210,66
1447862211,66
1447862212,66
1447862213,66
1447862214,66
1447862215,66
1447862216,66
1447862217,66
1447862218,66
1447862219,152
1447862220,66
1447862221,66
1447862222,66
1447862223,66
1447862224,152
1447862225,66
1447862226,66
1447862227,66
1447862228,66
1447862229,152
1447862230,66
1447862231,66
1447862232,66
1447862233,66
1447862234,512
**************************payload****************************
1447862107,360
1447862108,552
1447862109,384
1447862110,144
1447862114,168
1447862115,396
1447862116,372
1447862117,300
1447862118,600
1447862119,348
1447862120,576
1447862121,252
1447862122,324
1447862123,72
1447862124,456
1447862125,48
1447862129,300
1447862130,372
1447862131,276
1447862132,276
1447862133,156
