**************************overload****************************
1447858338,66
1447858339,152
1447858340,66
1447858341,66
1447858342,66
1447858343,66
1447858344,152
1447858345,66
1447858346,66
1447858347,66
1447858348,66
1447858349,152
1447858350,66
1447858351,66
1447858352,66
1447858353,66
1447858354,152
1447858355,66
1447858356,66
1447858357,66
1447858358,66
1447858359,152
1447858360,66
1447858361,66
1447858362,66
1447858363,66
1447858364,152
1447858365,66
1447858366,66
1447858367,66
1447858368,66
1447858369,152
1447858370,66
1447858371,66
1447858372,66
1447858373,66
1447858374,152
1447858375,66
1447858376,66
1447858377,66
1447858378,66
1447858379,152
1447858380,66
1447858381,66
1447858382,66
1447858383,66
1447858384,152
1447858385,66
1447858386,66
1447858387,66
1447858388,66
1447858389,152
1447858390,66
1447858391,66
1447858392,66
1447858393,66
1447858394,152
1447858395,66
1447858396,66
1447858397,66
1447858398,66
1447858399,152
1447858400,66
1447858401,66
1447858402,66
1447858403,66
1447858404,152
1447858405,66
1447858406,66
1447858407,66
1447858408,66
1447858409,152
1447858410,66
1447858411,66
1447858412,66
1447858413,66
1447858414,152
1447858415,66
1447858416,66
1447858417,66
1447858418,66
1447858419,152
1447858420,66
1447858421,66
1447858422,66
1447858423,66
1447858424,66
1447858425,66
1447858426,66
1447858427,66
1447858428,66
1447858429,152
1447858430,66
1447858431,66
1447858432,66
1447858433,66
1447858434,152
1447858435,66
1447858436,66
1447858437,66
1447858438,66
1447858439,152
1447858440,66
1447858441,66
1447858442,66
1447858443,66
1447858444,152
1447858445,66
1447858446,66
1447858447,66
1447858448,66
1447858449,152
1447858450,66
1447858451,66
1447858452,66
1447858453,66
1447858454,152
1447858455,66
1447858456,66
1447858457,66
1447858458,66
1447858459,152
1447858460,66
1447858461,66
1447858462,66
1447858463,66
1447858464,152
1447858465,66
1447858466,66
1447858467,66
1447858469,152
1447858470,132
1447858471,66
1447858472,66
1447858474,258
1447858475,596
1447858476,1628
1447858477,2276
1447858478,1792
1447858479,1524
1447858480,1718
1447858481,1740
1447858482,1416
1447858483,2820
1447858484,2766
1447858485,2906
1447858486,66
1447858487,66
1447858488,6476
1447858489,2646
1447858490,258
1447858491,106
1447858492,2820
1447858493,1578
1447858494,1626
1447858495,2636
1447858496,1578
1447858497,2010
1447858498,984
1447858499,1632
1447858500,1934
1447858501,2010
1447858502,1794
1447858503,1470
1447858504,1416
1447858505,1632
1447858506,2096
1447858507,660
1447858508,66
1447858509,66
1447858510,66
1447858511,152
1447858512,66
1447858513,66
1447858514,66
1447858515,66
1447858516,152
1447858517,66
1447858518,66
1447858519,66
1447858520,66
1447858521,152
1447858522,66
1447858523,66
1447858524,66
1447858525,66
1447858526,66
1447858527,66
1447858528,66
1447858529,66
1447858530,66
1447858531,152
1447858532,66
1447858533,66
1447858534,66
1447858535,66
1447858536,152
1447858537,66
1447858538,66
1447858539,66
1447858540,66
1447858541,152
1447858542,66
1447858543,66
1447858544,66
1447858545,66
1447858546,152
1447858547,66
1447858548,66
1447858549,66
1447858550,66
1447858551,152
1447858552,66
1447858553,66
1447858554,66
1447858555,66
1447858556,152
1447858557,66
1447858558,66
1447858559,66
1447858560,66
1447858561,152
1447858562,66
1447858563,66
1447858564,66
1447858565,66
1447858566,152
1447858567,66
1447858568,66
1447858569,66
1447858570,66
1447858571,152
1447858572,66
1447858573,66
1447858574,66
1447858575,66
1447858576,152
1447858577,66
1447858578,66
1447858579,66
1447858580,66
1447858581,152
1447858582,66
1447858583,66
1447858584,66
1447858585,66
1447858586,152
1447858587,66
1447858588,66
1447858589,66
1447858590,66
1447858591,152
1447858592,66
1447858593,66
1447858594,66
1447858595,66
1447858596,152
1447858598,132
1447858599,180
**************************payload****************************
1447858476,420
1447858477,444
1447858478,360
1447858479,324
1447858480,348
1447858481,372
1447858482,312
1447858483,888
1447858484,600
1447858485,612
1447858488,1512
1447858489,636
1447858492,612
1447858493,336
1447858494,276
1447858495,816
1447858496,336
1447858497,432
1447858498,204
1447858499,348
1447858500,396
1447858501,432
1447858502,384
1447858503,312
1447858504,300
1447858505,348
1447858506,432
1447858507,132
