**************************overload****************************
1447858339,152
1447858340,66
1447858341,66
1447858342,66
1447858343,66
1447858344,152
1447858345,66
1447858346,66
1447858347,66
1447858348,66
1447858349,152
1447858351,66
1447858352,66
1447858353,66
1447858354,152
1447858355,66
1447858356,66
1447858357,66
1447858358,66
1447858359,152
1447858360,66
1447858361,66
1447858362,66
1447858363,66
1447858364,152
1447858365,66
1447858366,66
1447858367,66
1447858368,66
1447858369,66
1447858370,66
1447858371,66
1447858372,66
1447858373,66
1447858374,152
1447858375,2388
1447858376,2712
1447858377,2064
1447858378,1794
1447858379,2222
1447858380,1074
1447858381,3828
1447858382,1218
1447858383,2244
1447858384,1430
1447858385,1920
1447858386,1668
1447858387,1524
1447858388,2028
1447858389,2190
1447858390,3194
1447858391,4098
1447858392,6744
1447858393,3900
1447858394,1416
1447858395,2766
1447858396,1416
1447858397,2676
1447858398,1506
1447858399,1326
1447858400,1322
1447858401,1146
1447858402,1416
1447858403,1326
1447858404,1236
1447858405,1412
1447858406,1236
1447858407,1236
1447858408,1326
1447858409,1236
1447858410,1232
1447858411,1326
1447858412,1326
1447858413,1146
1447858414,1416
1447858415,1322
1447858416,1416
1447858417,1146
1447858418,1236
1447858419,1146
1447858420,1322
1447858421,1326
1447858422,1080
1447858423,1326
1447858424,1146
1447858425,1322
1447858426,1326
1447858427,1146
1447858428,1146
1447858429,1056
1447858430,1412
1447858431,1146
1447858432,1236
1447858433,1236
1447858434,1236
1447858435,1322
1447858436,1326
1447858437,1146
1447858438,1326
1447858439,1236
1447858440,1232
1447858441,1326
1447858442,1236
1447858443,1146
1447858444,1236
1447858445,1142
1447858446,786
1447858447,876
1447858448,786
1447858449,696
1447858450,692
1447858451,606
1447858452,696
1447858453,606
1447858454,696
1447858455,782
1447858456,606
1447858457,606
1447858458,696
1447858459,606
1447858460,782
1447858461,696
1447858462,606
1447858463,606
1447858464,696
1447858465,782
1447858466,606
1447858467,696
1447858468,606
1447858469,606
1447858470,782
1447858471,696
1447858472,606
1447858473,696
1447858474,606
1447858475,782
1447858476,1920
1447858477,3000
1447858478,3018
1447858479,3198
1447858480,3392
1447858481,3036
1447858482,2982
1447858483,3198
1447858484,9084
1447858485,3596
1447858487,1056
1447858488,7182
1447858489,4590
1447858490,86
1447858491,1074
1447858492,3198
1447858493,4008
1447858494,3198
1447858495,2852
1447858496,3306
1447858497,5940
1447858498,1404
1447858499,2766
1447858500,3446
1447858501,3522
1447858502,3090
1447858503,4332
1447858504,2118
1447858505,4764
1447858506,1340
1447858507,66
1447858508,66
1447858509,66
1447858510,66
1447858511,152
1447858512,66
1447858513,66
1447858514,66
1447858515,66
1447858516,152
1447858517,66
1447858518,66
1447858519,66
1447858520,66
1447858521,152
1447858522,66
1447858523,66
1447858524,66
1447858525,66
1447858526,152
1447858527,66
1447858528,66
1447858529,66
1447858530,66
1447858531,152
1447858532,66
1447858533,66
1447858534,66
1447858535,66
1447858536,152
1447858537,66
1447858538,66
1447858539,66
1447858540,66
1447858541,152
1447858542,66
1447858543,66
1447858544,66
1447858545,66
1447858546,152
1447858547,66
1447858548,66
1447858549,66
1447858550,66
1447858551,66
1447858552,66
1447858553,66
1447858554,66
1447858555,66
1447858556,152
1447858557,66
1447858558,66
1447858559,66
1447858560,66
1447858561,152
1447858562,66
1447858563,66
1447858564,66
1447858565,66
1447858566,152
1447858567,66
1447858568,66
1447858569,66
1447858570,66
1447858571,152
1447858572,66
1447858573,66
1447858574,66
1447858575,66
1447858576,152
1447858577,66
1447858578,66
1447858579,66
1447858580,66
1447858581,66
1447858582,66
1447858583,66
1447858584,66
1447858586,152
1447858587,132
1447858588,66
1447858590,132
1447858591,86
1447858592,66
1447858593,66
1447858594,66
1447858595,66
1447858596,152
1447858597,66
1447858598,66
1447858599,66
1447858600,426
1447858601,156
**************************payload****************************
1447858375,558
1447858376,588
1447858377,444
1447858378,384
1447858379,254
1447858380,238
1447858381,576
1447858382,216
1447858383,204
1447858384,204
1447858385,252
1447858386,276
1447858387,144
1447858388,276
1447858389,252
1447858390,516
1447858391,696
1447858392,1224
1447858393,312
1447858476,44023
1447858477,74460
1447858478,77380
1447858479,84680
1447858480,87600
1447858481,71994
1447858482,77603
1447858483,84680
1447858484,243820
1447858485,94166
1447858488,192943
1447858489,122947
1447858491,2920
1447858492,84680
1447858493,84680
1447858494,84680
1447858495,73000
1447858496,86083
1447858497,160600
1447858498,32946
1447858499,61748
1447858500,75453
1447858501,93440
1447858502,81760
1447858503,107522
1447858504,55480
1447858505,126743
1447858506,31637
