**************************overload****************************
1447858342,66
1447858343,66
1447858344,66
1447858345,152
1447858346,66
1447858347,66
1447858348,66
1447858349,66
1447858350,66
1447858351,66
1447858352,66
1447858353,66
1447858354,66
1447858355,152
1447858356,66
1447858357,66
1447858358,66
1447858359,66
1447858360,152
1447858361,66
1447858362,66
1447858363,66
1447858364,66
1447858365,66
1447858366,66
1447858367,66
1447858368,66
1447858369,66
1447858370,152
1447858371,66
1447858372,66
1447858373,66
1447858374,66
1447858375,2982
1447858376,3252
1447858377,3414
1447858378,3252
1447858379,2384
1447858380,1722
1447858381,3168
1447858382,1110
1447858383,2352
1447858384,2190
1447858385,2384
1447858386,2298
1447858387,3006
1447858388,1872
1447858389,8712
1447858390,17636
1447858391,18900
1447858392,17280
1447858393,6102
1447858394,108
1447858395,140
1447858398,54
1447858400,86
1447858403,54
1447858405,86
1447858407,966
1447858408,2070
1447858409,2160
1447858410,626
1447858411,1260
1447858412,1494
1447858413,1350
1447858414,1620
1447858415,2516
1447858416,2250
1447858417,2250
1447858418,2340
1447858419,1628
1447858420,2072
1447858421,1732
1447858422,1864
1447858423,1732
1447858424,2192
1447858425,2114
1447858426,2446
1447858427,9654
1447858428,1080
1447858429,990
1447858430,1436
1447858431,1110
1447858433,172
1447858434,66
1447858435,152
1447858436,66
1447858437,66
1447858438,66
1447858439,66
1447858440,66
1447858441,66
1447858442,66
1447858443,66
1447858444,66
1447858445,152
1447858446,66
1447858447,66
1447858448,66
1447858449,66
1447858450,152
1447858451,66
1447858452,66
1447858453,66
1447858454,66
1447858455,152
1447858456,66
1447858457,66
1447858458,66
1447858459,66
1447858460,152
1447858461,66
1447858462,66
1447858463,66
1447858464,66
1447858465,152
1447858466,66
1447858467,66
1447858468,66
1447858469,66
1447858470,242
1447858471,66
1447858472,156
1447858473,66
1447858474,156
1447858475,152
1447858476,66
1447858477,66
1447858478,66
1447858479,66
1447858480,152
1447858481,66
1447858482,66
1447858483,66
1447858484,66
1447858485,152
1447858486,66
1447858487,66
1447858488,66
1447858489,66
1447858490,152
1447858491,66
1447858492,66
1447858493,66
1447858494,66
1447858495,152
1447858496,66
1447858497,66
1447858498,66
1447858499,66
1447858500,152
1447858501,66
1447858502,66
1447858503,66
1447858504,66
1447858505,152
1447858506,66
1447858507,66
1447858508,156
1447858509,66
1447858510,242
1447858511,66
1447858512,156
1447858513,66
1447858514,66
1447858515,152
1447858516,66
1447858517,66
1447858518,66
1447858519,66
1447858520,152
1447858521,66
1447858522,66
1447858523,66
1447858524,66
1447858525,152
1447858526,66
1447858527,66
1447858528,66
1447858529,66
1447858530,152
1447858531,66
1447858532,66
1447858533,66
1447858534,66
1447858535,66
1447858536,66
1447858537,66
1447858538,66
1447858539,66
1447858540,152
1447858541,66
1447858542,66
1447858543,66
1447858544,66
1447858545,152
1447858546,66
1447858547,156
1447858548,66
1447858549,156
1447858550,152
1447858551,156
1447858552,66
1447858553,66
1447858554,66
1447858555,152
1447858556,66
1447858557,66
1447858558,66
1447858559,66
1447858560,152
1447858561,66
1447858562,66
1447858563,66
1447858564,66
1447858565,152
1447858566,66
1447858567,66
1447858568,66
1447858569,66
1447858570,152
1447858571,66
1447858572,66
1447858573,66
1447858574,66
1447858575,152
1447858576,66
1447858577,66
1447858578,66
1447858579,66
1447858580,86
1447858581,132
1447858582,66
1447858583,66
1447858585,222
1447858586,66
1447858587,156
1447858588,66
1447858589,90
1447858590,152
1447858591,66
1447858592,66
1447858593,66
1447858594,66
1447858595,218
1447858596,66
1447858597,66
1447858599,66
1447858600,152
1447858601,66
1447858602,246
**************************payload****************************
1447858375,66512
1447858376,75851
1447858377,81890
1447858378,72533
1447858379,19875
1447858380,37426
1447858381,74290
1447858382,1460
1447858383,23032
1447858384,47612
1447858385,55480
1447858386,40880
1447858387,78415
1447858388,40880
1447858389,228322
1447858390,474500
1447858391,511000
1447858392,467200
1447858393,163532
1447858394,2920
1447858395,1460
1447858398,1460
1447858403,1460
1447858412,1460
1447858431,1460
