1	1443968061203	116.105228	39.762904	70	0.0
2	1443968061203	116.109883	39.761118	70	0.0
3	1443968061203	116.112196	39.757541	70	0.0
4	1443968061203	116.109887	39.753955	70	0.0
5	1443968061203	116.105246	39.752144	70	0.0
1	1443968062203	116.105243	39.762898	70	5.1900804
2	1443968062203	116.109892	39.761104	70	6.0255324
3	1443968062203	116.112183	39.75752	70	9.1471572
4	1443968062203	116.109867	39.753947	70	7.0600356
5	1443968062203	116.105225	39.752143	70	6.5990124
1	1443968063203	116.105285	39.762882	70	14.3459748
2	1443968063203	116.10991	39.761078	70	11.9070864
3	1443968063203	116.112159	39.757481	70	17.3488536
4	1443968063203	116.109827	39.753931	70	13.8681468
5	1443968063203	116.105184	39.752143	70	12.4718508
1	1443968064203	116.105354	39.762856	70	23.6777328
2	1443968064203	116.109936	39.761038	70	18.1174284
3	1443968064203	116.112125	39.757427	70	24.0983496
4	1443968064203	116.109766	39.753907	70	21.1122648
5	1443968064203	116.105122	39.752143	70	19.181682
1	1443968065203	116.105427	39.762829	70	25.042068
2	1443968065203	116.109975	39.76098	70	25.9979976
3	1443968065203	116.112093	39.757377	70	22.1822676
4	1443968065203	116.109694	39.753879	70	24.7732092
5	1443968065203	116.105047	39.752142	70	23.0807196
1	1443968066203	116.105503	39.7628	70	26.0637948
2	1443968066203	116.11001	39.760926	70	23.8793184
3	1443968066203	116.112058	39.757321	70	24.8429412
4	1443968066203	116.109627	39.753852	70	23.315328
5	1443968066203	116.104976	39.752142	70	21.8852964
1	1443968067203	116.105568	39.762776	70	22.42224
2	1443968067203	116.110043	39.760877	70	22.1259132
3	1443968067203	116.112023	39.757266	70	24.4240164
4	1443968067203	116.109558	39.753825	70	23.7326148
5	1443968067203	116.104894	39.752141	70	25.1721612
1	1443968068203	116.105644	39.762747	70	26.1282852
2	1443968068203	116.11008	39.760822	70	24.8677524
3	1443968068203	116.111991	39.757215	70	22.7021292
4	1443968068203	116.109485	39.753796	70	25.5353796
5	1443968068203	116.104824	39.75214	70	21.8031588
1	1443968069203	116.10572	39.762718	70	26.140428
2	1443968069203	116.110114	39.76077	70	23.0738688
3	1443968069203	116.111956	39.757159	70	24.72948
4	1443968069203	116.109411	39.753766	70	25.6745232
5	1443968069203	116.104741	39.75214	70	25.6932108
1	1443968070203	116.105791	39.762692	70	24.3549036
2	1443968070203	116.110146	39.760722	70	21.7659384
3	1443968070203	116.11192	39.757103	70	25.0441416
4	1443968070203	116.109338	39.753738	70	25.2357444
5	1443968070203	116.104658	39.752139	70	25.4939868
1	1443968071203	116.10586	39.762666	70	23.6048724
2	1443968071203	116.110183	39.760666	70	25.1502984
3	1443968071203	116.111888	39.757052	70	22.481244
4	1443968071203	116.109263	39.753708	70	25.8633756
5	1443968071203	116.104583	39.752138	70	23.1531696
1	1443968072203	116.105927	39.76264	70	22.9311792
2	1443968072203	116.110218	39.760614	70	23.489658
3	1443968072203	116.111855	39.757001	70	23.0432724
4	1443968072203	116.1092	39.753683	70	21.9039516
5	1443968072203	116.104512	39.752138	70	21.7874772
1	1443968073203	116.105999	39.762613	70	24.8395608
2	1443968073203	116.110253	39.76056	70	23.9747652
3	1443968073203	116.111822	39.756948	70	23.5652796
4	1443968073203	116.109126	39.753654	70	25.4918916
5	1443968073203	116.104441	39.752137	70	21.8110428
1	1443968074203	116.106074	39.762585	70	25.421886
2	1443968074203	116.110288	39.760508	70	23.2771284
3	1443968074203	116.111785	39.75689	70	25.5694248
4	1443968074203	116.109051	39.753624	70	26.1497196
5	1443968074203	116.10436	39.752137	70	24.9750216
1	1443968075203	116.106143	39.762559	70	23.72112
2	1443968075203	116.11032	39.76046	70	21.9364596
3	1443968075203	116.111749	39.756832	70	25.9665624
4	1443968075203	116.108978	39.753595	70	25.4423844
5	1443968075203	116.10429	39.752136	70	21.63618
1	1443968076203	116.106215	39.762532	70	24.8111316
2	1443968076203	116.110357	39.760405	70	24.6934152
3	1443968076203	116.111712	39.756773	70	25.8774372
4	1443968076203	116.108909	39.753568	70	23.6257524
5	1443968076203	116.104208	39.752136	70	25.3104444
1	1443968077203	116.106289	39.762504	70	25.4344968
2	1443968077203	116.110395	39.760347	70	26.0607708
3	1443968077203	116.111675	39.756715	70	25.9056036
4	1443968077203	116.108843	39.753542	70	22.9016196
5	1443968077203	116.104128	39.752135	70	24.63336
1	1443968078203	116.106362	39.762477	70	24.9226236
2	1443968078203	116.110433	39.76029	70	25.2861228
3	1443968078203	116.111642	39.756663	70	23.1037884
4	1443968078203	116.108773	39.753514	70	24.2993304
5	1443968078203	116.104053	39.752134	70	23.40126
1	1443968079203	116.106433	39.76245	70	24.45597
2	1443968079203	116.110468	39.760237	70	23.8799952
3	1443968079203	116.11161	39.756613	70	22.4165088
4	1443968079203	116.108705	39.753487	70	23.5421244
5	1443968079203	116.103974	39.752134	70	24.3276192
1	1443968080203	116.106505	39.762423	70	24.5709792
2	1443968080203	116.1105	39.760189	70	21.708468
3	1443968080203	116.111573	39.756554	70	26.1684036
4	1443968080203	116.108634	39.753459	70	24.863184
5	1443968080203	116.10389	39.752133	70	25.7899176
1	1443968081203	116.106569	39.762399	70	22.18248
2	1443968081203	116.110535	39.760137	70	23.3539272
3	1443968081203	116.111542	39.756505	70	21.9514428
4	1443968081203	116.108564	39.753432	70	23.9742576
5	1443968081203	116.103811	39.752133	70	24.2905176
1	1443968082203	116.106636	39.762374	70	22.9536972
2	1443968082203	116.11057	39.760083	70	24.146964
3	1443968082203	116.11151	39.756455	70	22.190472
4	1443968082203	116.108496	39.753405	70	23.5953036
5	1443968082203	116.103741	39.752132	70	21.7334448
1	1443968083203	116.106709	39.762346	70	24.8932224
2	1443968083203	116.110606	39.760029	70	24.3561456
3	1443968083203	116.111475	39.756399	70	24.6753576
4	1443968083203	116.10843	39.753378	70	23.0064228
5	1443968083203	116.103657	39.752131	70	25.8048576
1	1443968084203	116.106779	39.76232	70	24.0975972
2	1443968084203	116.110641	39.759977	70	23.1826932
3	1443968084203	116.111443	39.756348	70	22.6249164
4	1443968084203	116.108358	39.75335	70	24.9639516
5	1443968084203	116.103583	39.752131	70	22.9468248
1	1443968085203	116.106854	39.762292	70	25.6982868
2	1443968085203	116.110675	39.759926	70	22.9418676
3	1443968085203	116.111407	39.756291	70	25.6193892
4	1443968085203	116.108294	39.753325	70	22.1522508
5	1443968085203	116.103503	39.75213	70	24.540858
1	1443968086203	116.106924	39.762265	70	24.0334956
2	1443968086203	116.110713	39.759868	70	26.0806572
3	1443968086203	116.111372	39.756236	70	24.4517004
4	1443968086203	116.108227	39.753298	70	23.1194484
5	1443968086203	116.103433	39.75213	70	21.7019592
1	1443968087203	116.106989	39.762241	70	22.3231176
2	1443968087203	116.110751	39.759811	70	25.5613284
3	1443968087203	116.111341	39.756186	70	22.047282
4	1443968087203	116.108156	39.75327	70	24.6674772
5	1443968087203	116.103358	39.752129	70	23.1757452
1	1443968088203	116.10706	39.762214	70	24.2635824
2	1443968088203	116.110786	39.759758	70	23.523048
3	1443968088203	116.111305	39.75613	70	24.9823116
4	1443968088203	116.108085	39.753242	70	24.5041488
5	1443968088203	116.103283	39.752128	70	23.0936292
1	1443968089203	116.107128	39.762188	70	23.5062252
2	1443968089203	116.110821	39.759706	70	23.5967796
3	1443968089203	116.111268	39.756072	70	25.7985396
4	1443968089203	116.108021	39.753217	70	22.2712956
5	1443968089203	116.103207	39.752128	70	23.279544
1	1443968090203	116.107194	39.762164	70	22.437252
2	1443968090203	116.110853	39.759657	70	21.8584116
3	1443968090203	116.111235	39.756018	70	23.709564
4	1443968090203	116.107946	39.753187	70	26.2115532
5	1443968090203	116.103137	39.752127	70	21.6891252
1	1443968091203	116.107258	39.76214	70	22.1278644
2	1443968091203	116.110888	39.759604	70	24.0210072
3	1443968091203	116.111203	39.755969	70	22.0522572
4	1443968091203	116.107872	39.753158	70	25.496082
5	1443968091203	116.103057	39.752127	70	24.6615048
1	1443968092203	116.107324	39.762115	70	22.5455652
2	1443968092203	116.110924	39.75955	70	24.0790608
3	1443968092203	116.111168	39.755913	70	24.6941532
4	1443968092203	116.107796	39.753128	70	26.2759968
5	1443968092203	116.102982	39.752126	70	23.1976224
1	1443968093203	116.107388	39.762091	70	21.9808188
2	1443968093203	116.110963	39.759492	70	26.2254024
3	1443968093203	116.111134	39.755859	70	24.0036012
4	1443968093203	116.107733	39.753103	70	22.0251816
5	1443968093203	116.102903	39.752126	70	24.3524988
1	1443968094203	116.107463	39.762063	70	25.744878
2	1443968094203	116.110996	39.759442	70	22.2959376
3	1443968094203	116.111102	39.755809	70	22.4454456
4	1443968094203	116.107662	39.753075	70	24.4385604
5	1443968094203	116.102833	39.752125	70	21.6152208
1	1443968095203	116.107533	39.762036	70	23.9987628
2	1443968095203	116.111028	39.759393	70	21.8987136
3	1443968095203	116.11107	39.755758	70	22.6107144
4	1443968095203	116.107592	39.753047	70	24.1136892
5	1443968095203	116.10276	39.752124	70	22.33161
1	1443968096203	116.107605	39.762009	70	24.7223628
2	1443968096203	116.111066	39.759337	70	25.3088712
3	1443968096203	116.111034	39.7557	70	25.5623436
4	1443968096203	116.107523	39.75302	70	24.1902396
5	1443968096203	116.10268	39.752124	70	24.7663656
1	1443968097203	116.107672	39.761984	70	22.895694
2	1443968097203	116.111101	39.759283	70	24.1992756
3	1443968097203	116.110999	39.755645	70	24.5647368
4	1443968097203	116.107458	39.752994	70	22.527828
5	1443968097203	116.102597	39.752123	70	25.54236
1	1443968098203	116.10774	39.761958	70	23.5676412
2	1443968098203	116.111139	39.759226	70	25.6739544
3	1443968098203	116.110967	39.755594	70	22.5850392
4	1443968098203	116.107383	39.752964	70	25.7433696
5	1443968098203	116.102514	39.752123	70	25.8227496
1	1443968099203	116.107814	39.76193	70	25.2224244
2	1443968099203	116.111177	39.75917	70	25.2141444
3	1443968099203	116.110931	39.755537	70	25.3658052
4	1443968099203	116.10732	39.752939	70	21.9764772
5	1443968099203	116.102433	39.752122	70	24.7784832
1	1443968100203	116.107887	39.761903	70	25.1076456
2	1443968100203	116.11121	39.75912	70	22.2984036
3	1443968100203	116.110897	39.755483	70	24.09993
4	1443968100203	116.107247	39.75291	70	25.388352
5	1443968100203	116.102352	39.752121	70	25.1642016
1	1443968101203	116.107951	39.761879	70	21.8774988
2	1443968101203	116.111247	39.759064	70	25.2474876
3	1443968101203	116.110865	39.755434	70	21.9836808
4	1443968101203	116.107179	39.752883	70	23.6189916
5	1443968101203	116.102279	39.752121	70	22.5687204
1	1443968102203	116.108022	39.761852	70	24.3924588
2	1443968102203	116.111285	39.759006	70	25.8841476
3	1443968102203	116.110832	39.755381	70	23.6143584
4	1443968102203	116.107103	39.752854	70	26.117928
5	1443968102203	116.102205	39.75212	70	22.7720196
1	1443968103203	116.108089	39.761827	70	22.8117636
2	1443968103203	116.11132	39.758955	70	23.1626268
3	1443968103203	116.110795	39.755323	70	25.7210712
4	1443968103203	116.107034	39.752826	70	24.1472952
5	1443968103203	116.10212	39.752119	70	26.2456776
1	1443968104203	116.108157	39.761801	70	23.5260108
2	1443968104203	116.111358	39.758897	70	25.881894
3	1443968104203	116.110761	39.755268	70	24.266304
4	1443968104203	116.106968	39.7528	70	22.5694908
5	1443968104203	116.102046	39.752119	70	22.8213288
1	1443968105203	116.108225	39.761776	70	23.4507456
2	1443968105203	116.111395	39.75884	70	25.3880244
3	1443968105203	116.11073	39.755219	70	21.682872
4	1443968105203	116.106898	39.752772	70	24.4340244
5	1443968105203	116.101962	39.752118	70	25.7667552
1	1443968106203	116.108295	39.761749	70	23.8074444
2	1443968106203	116.111434	39.758782	70	26.2254672
3	1443968106203	116.110696	39.755166	70	23.5694484
4	1443968106203	116.106825	39.752744	70	25.20198
5	1443968106203	116.101885	39.752118	70	23.7261384
1	1443968107203	116.108359	39.761725	70	21.8711088
2	1443968107203	116.111467	39.758733	70	22.0452696
3	1443968107203	116.110661	39.75511	70	25.2413964
4	1443968107203	116.106762	39.752718	70	21.9948516
5	1443968107203	116.101804	39.752117	70	25.1989668
1	1443968108203	116.108433	39.761698	70	25.400196
2	1443968108203	116.111503	39.758678	70	24.657336
3	1443968108203	116.110625	39.755053	70	25.0431156
4	1443968108203	116.106692	39.752691	70	24.1882416
5	1443968108203	116.101723	39.752116	70	24.8649696
1	1443968109203	116.108499	39.761673	70	22.718466
2	1443968109203	116.111536	39.758628	70	22.4039196
3	1443968109203	116.11059	39.754997	70	24.8297724
4	1443968109203	116.106629	39.752666	70	21.8925504
5	1443968109203	116.101643	39.752116	70	24.5693052
1	1443968110203	116.108575	39.761644	70	26.217774
2	1443968110203	116.111574	39.758572	70	25.2892152
3	1443968110203	116.110556	39.754944	70	23.5866276
4	1443968110203	116.106554	39.752636	70	26.0508132
5	1443968110203	116.101559	39.752115	70	26.1324108
1	1443968111203	116.108651	39.761615	70	26.132562
2	1443968111203	116.111606	39.758523	70	21.9824496
3	1443968111203	116.11052	39.754887	70	25.3348812
4	1443968111203	116.106482	39.752608	70	24.6751452
5	1443968111203	116.101478	39.752114	70	24.9473808
1	1443968112203	116.108727	39.761587	70	26.0949096
2	1443968112203	116.11164	39.758473	70	22.559418
3	1443968112203	116.110486	39.754834	70	23.7309876
4	1443968112203	116.106414	39.752581	70	23.5489032
5	1443968112203	116.1014	39.752114	70	23.907564
1	1443968113203	116.108798	39.76156	70	24.0511356
2	1443968113203	116.111674	39.758421	70	22.9843872
3	1443968113203	116.110454	39.754783	70	22.5524196
4	1443968113203	116.106345	39.752554	70	24.0382728
5	1443968113203	116.101321	39.752113	70	24.4784628
1	1443968114203	116.10887	39.761533	70	24.6823452
2	1443968114203	116.111706	39.758372	70	22.1251824
3	1443968114203	116.110419	39.754727	70	24.906618
4	1443968114203	116.106271	39.752524	70	25.5612456
5	1443968114203	116.101239	39.752113	70	25.2692316
1	1443968115203	116.108942	39.761506	70	24.7867236
2	1443968115203	116.111741	39.75832	70	23.2235712
3	1443968115203	116.110383	39.754671	70	25.1497728
4	1443968115203	116.106209	39.7525	70	21.625362
5	1443968115203	116.101167	39.752112	70	22.097934
1	1443968116203	116.109009	39.761481	70	23.212278
2	1443968116203	116.111779	39.758262	70	26.052948
3	1443968116203	116.110352	39.754621	70	21.9892824
4	1443968116203	116.106143	39.752474	70	22.819878
5	1443968116203	116.101082	39.752111	70	26.2280772
1	1443968117203	116.109081	39.761454	70	24.6090744
2	1443968117203	116.111812	39.758213	70	21.9793176
3	1443968117203	116.11032	39.75457	70	22.6560816
4	1443968117203	116.106077	39.752448	70	22.815774
5	1443968117203	116.101009	39.752111	70	22.5446256
1	1443968118203	116.109157	39.761425	70	26.1554148
2	1443968118203	116.111847	39.758161	70	23.5821312
3	1443968118203	116.110286	39.754516	70	24.0875208
4	1443968118203	116.106007	39.75242	70	24.4234404
5	1443968118203	116.100927	39.75211	70	25.4202444
1	1443968119203	116.109227	39.761399	70	23.8021416
2	1443968119203	116.11188	39.758111	70	22.3337376
3	1443968119203	116.110252	39.754464	70	23.2381548
4	1443968119203	116.105943	39.752395	70	21.9471588
5	1443968119203	116.100845	39.75211	70	25.1540316
1	1443968120203	116.109291	39.761375	70	22.0854852
2	1443968120203	116.111915	39.758058	70	23.9105232
3	1443968120203	116.110218	39.754409	70	24.3761328
4	1443968120203	116.105872	39.752366	70	24.8616432
5	1443968120203	116.100774	39.752109	70	22.062996
1	1443968121203	116.109355	39.761351	70	21.8146968
2	1443968121203	116.111949	39.758007	70	23.035446
3	1443968121203	116.110184	39.754356	70	23.6105028
4	1443968121203	116.1058	39.752338	70	24.7471452
5	1443968121203	116.100703	39.752108	70	21.7195632
1	1443968122203	116.109419	39.761326	70	22.0327992
2	1443968122203	116.111982	39.757956	70	22.5828576
3	1443968122203	116.110151	39.754303	70	23.4519732
4	1443968122203	116.105725	39.752308	70	26.2032084
5	1443968122203	116.100627	39.752117	70	24.2781516
1	1443968123203	116.109482	39.761303	70	21.7981764
2	1443968123203	116.112015	39.757907	70	22.111524
3	1443968123203	116.110116	39.754247	70	24.775182
4	1443968123203	116.10565	39.752279	70	25.9130412
5	1443968123203	116.100562	39.752141	70	22.2909444
1	1443968124203	116.109554	39.761276	70	24.6470652
2	1443968124203	116.112054	39.757849	70	26.2433412
3	1443968124203	116.110085	39.754199	70	21.6523872
4	1443968124203	116.105586	39.752253	70	22.2771456
5	1443968124203	116.100487	39.752169	70	25.606422
1	1443968125203	116.10963	39.761247	70	26.0139852
2	1443968125203	116.112092	39.757791	70	25.9847244
3	1443968125203	116.110049	39.754142	70	25.1127072
4	1443968125203	116.10551	39.752223	70	26.078274
5	1443968125203	116.100418	39.752195	70	23.7510792
1	1443968126203	116.109697	39.761222	70	23.0848884
2	1443968126203	116.112126	39.75774	70	22.9823316
3	1443968126203	116.110018	39.754092	70	22.103748
4	1443968126203	116.105438	39.752195	70	25.2483588
5	1443968126203	116.100352	39.75222	70	22.7158632
1	1443968127203	116.109762	39.761197	70	22.0693392
2	1443968127203	116.112161	39.757687	70	23.4905796
3	1443968127203	116.109982	39.754036	70	25.0570116
4	1443968127203	116.105371	39.752168	70	23.1022296
5	1443968127203	116.10028	39.752247	70	24.4986012
1	1443968128203	116.109827	39.761173	70	22.4620092
2	1443968128203	116.112199	39.75763	70	25.5805272
3	1443968128203	116.109946	39.75398	70	24.9964272
4	1443968128203	116.105301	39.752144	70	23.8811724
5	1443968128203	116.100205	39.752276	70	25.7535576
1	1443968129203	116.109879	39.761125	70	25.8880248
2	1443968129203	116.112216	39.757571	70	25.8954084
3	1443968129203	116.109883	39.753953	70	22.3626348
4	1443968129203	116.105222	39.752143	70	24.3010764
5	1443968129203	116.100132	39.752303	70	25.3312272
1	1443968130203	116.109917	39.761067	70	25.9979616
2	1443968130203	116.112185	39.757522	70	22.1549436
3	1443968130203	116.109814	39.753926	70	23.7970512
4	1443968130203	116.105152	39.752143	70	21.7189512
5	1443968130203	116.100067	39.752327	70	22.064832
1	1443968131203	116.109953	39.761012	70	24.6004164
2	1443968131203	116.112153	39.757471	70	22.2822612
3	1443968131203	116.109742	39.753897	70	25.0242876
4	1443968131203	116.105074	39.752142	70	23.843934
5	1443968131203	116.099992	39.752356	70	25.720434
1	1443968132203	116.109991	39.760956	70	25.2142344
2	1443968132203	116.112122	39.757422	70	21.9026016
3	1443968132203	116.109679	39.753873	70	21.7365588
4	1443968132203	116.104993	39.752142	70	25.1703828
5	1443968132203	116.099922	39.752382	70	24.2687196
1	1443968133203	116.110023	39.760908	70	21.6452988
2	1443968133203	116.112089	39.75737	70	23.3058924
3	1443968133203	116.10961	39.753845	70	23.858946
4	1443968133203	116.104921	39.752141	70	22.2734268
5	1443968133203	116.099853	39.752408	70	23.4562788
1	1443968134203	116.110058	39.760855	70	23.751558
2	1443968134203	116.112057	39.75732	70	22.2026148
3	1443968134203	116.109544	39.753819	70	22.851504
4	1443968134203	116.104835	39.75214	70	26.25588
5	1443968134203	116.099785	39.752434	70	23.3970084
1	1443968135203	116.110096	39.760798	70	25.5948408
2	1443968135203	116.112023	39.757267	70	23.611518
3	1443968135203	116.109469	39.753789	70	26.2130112
4	1443968135203	116.104763	39.75214	70	22.32468
5	1443968135203	116.099713	39.752461	70	24.7397796
1	1443968136203	116.110129	39.760748	70	22.4799444
2	1443968136203	116.111986	39.757208	70	26.0932716
3	1443968136203	116.109395	39.75376	70	25.62606
4	1443968136203	116.104689	39.752139	70	22.716972
5	1443968136203	116.099638	39.752489	70	25.7217084
1	1443968137203	116.110161	39.760699	70	21.8310696
2	1443968137203	116.111953	39.757156	70	23.2649496
3	1443968137203	116.109328	39.753734	70	23.12586
4	1443968137203	116.104619	39.752139	70	21.7346724
5	1443968137203	116.099562	39.752518	70	26.0345232
1	1443968138203	116.110199	39.760643	70	25.3006524
2	1443968138203	116.111921	39.757105	70	22.5916416
3	1443968138203	116.109263	39.753708	70	22.475484
4	1443968138203	116.104542	39.752138	70	23.8059252
5	1443968138203	116.099496	39.752543	70	22.7666484
1	1443968139203	116.110234	39.76059	70	23.8510584
2	1443968139203	116.111887	39.757051	70	23.8314456
3	1443968139203	116.109195	39.753681	70	23.7327264
4	1443968139203	116.104463	39.752138	70	24.2797896
5	1443968139203	116.099425	39.752569	70	24.2946684
1	1443968140203	116.110269	39.760537	70	23.680278
2	1443968140203	116.111857	39.757003	70	21.637242
3	1443968140203	116.10912	39.753651	70	25.8938964
4	1443968140203	116.104384	39.752137	70	24.2892036
5	1443968140203	116.09935	39.752597	70	25.5773952
1	1443968141203	116.110301	39.760488	70	21.9399588
2	1443968141203	116.111825	39.756953	70	21.9058704
3	1443968141203	116.109046	39.753622	70	25.6804524
4	1443968141203	116.104301	39.752136	70	25.7197716
5	1443968141203	116.099277	39.752625	70	25.067448
1	1443968142203	116.11034	39.76043	70	25.9690932
2	1443968142203	116.11179	39.756897	70	24.8981976
3	1443968142203	116.108981	39.753596	70	22.4859492
4	1443968142203	116.104218	39.752136	70	25.464888
5	1443968142203	116.099209	39.75265	70	23.412294
1	1443968143203	116.110377	39.760375	70	24.9493284
2	1443968143203	116.111754	39.75684	70	25.3892772
3	1443968143203	116.108909	39.753568	70	25.126794
4	1443968143203	116.104146	39.752135	70	22.2495228
5	1443968143203	116.099134	39.752679	70	25.7693796
1	1443968144203	116.110409	39.760326	70	21.91176
2	1443968144203	116.111719	39.756785	70	24.4605528
3	1443968144203	116.108842	39.753542	70	22.9355748
4	1443968144203	116.104074	39.752135	70	22.2221916
5	1443968144203	116.09907	39.752703	70	21.8078028
1	1443968145203	116.110442	39.760276	70	22.1952672
2	1443968145203	116.111686	39.756733	70	23.1540984
3	1443968145203	116.108772	39.753514	70	24.3183852
4	1443968145203	116.104003	39.752134	70	21.9540384
5	1443968145203	116.098998	39.75273	70	24.7181508
1	1443968146203	116.110474	39.760228	70	21.766284
2	1443968146203	116.11165	39.756675	70	25.895088
3	1443968146203	116.108699	39.753485	70	25.3703664
4	1443968146203	116.103926	39.752133	70	23.6504232
5	1443968146203	116.098934	39.752754	70	21.9641004
1	1443968147203	116.11051	39.760174	70	24.300144
2	1443968147203	116.111619	39.756626	70	21.6729288
3	1443968147203	116.108626	39.753456	70	25.1896896
4	1443968147203	116.103853	39.752133	70	22.6284444
5	1443968147203	116.098862	39.752781	70	24.9210144
1	1443968148203	116.110545	39.760121	70	23.5275156
2	1443968148203	116.111583	39.75657	70	24.8365512
3	1443968148203	116.108557	39.753429	70	23.997222
4	1443968148203	116.103774	39.752132	70	24.2015004
5	1443968148203	116.098787	39.752809	70	25.5208536
1	1443968149203	116.11058	39.760069	70	23.500134
2	1443968149203	116.11155	39.756517	70	23.8399272
3	1443968149203	116.108487	39.753401	70	24.413832
4	1443968149203	116.103702	39.752132	70	22.4988552
5	1443968149203	116.098714	39.752837	70	25.1959248
1	1443968150203	116.110616	39.760014	70	24.6942936
2	1443968150203	116.111517	39.756465	70	22.847652
3	1443968150203	116.108418	39.753374	70	23.8966236
4	1443968150203	116.10363	39.752131	70	22.2147036
5	1443968150203	116.098649	39.752861	70	22.2320196
1	1443968151203	116.110649	39.759964	70	22.3832772
2	1443968151203	116.111483	39.756411	70	23.8884444
3	1443968151203	116.10835	39.753347	70	23.4947412
4	1443968151203	116.103545	39.75213	70	26.1696672
5	1443968151203	116.098575	39.752889	70	25.3508328
1	1443968152203	116.110686	39.759908	70	25.003782
2	1443968152203	116.111447	39.756354	70	25.4012976
3	1443968152203	116.108282	39.75332	70	23.6550456
4	1443968152203	116.103472	39.75213	70	22.3369272
5	1443968152203	116.098505	39.752915	70	24.15555
1	1443968153203	116.11072	39.759857	70	23.045922
2	1443968153203	116.111411	39.756297	70	25.6353516
3	1443968153203	116.108214	39.753293	70	23.5784628
4	1443968153203	116.103392	39.752129	70	24.6193308
5	1443968153203	116.098437	39.752941	70	23.2846776
1	1443968154203	116.110758	39.7598	70	25.44993
2	1443968154203	116.111379	39.756246	70	22.4446248
3	1443968154203	116.10815	39.753268	70	22.1791644
4	1443968154203	116.103317	39.752129	70	23.3236404
5	1443968154203	116.09837	39.752966	70	22.9605012
1	1443968155203	116.110792	39.759749	70	23.1298992
2	1443968155203	116.111347	39.756197	70	21.9967884
3	1443968155203	116.108087	39.753243	70	21.7864044
4	1443968155203	116.103234	39.752128	70	25.6797936
5	1443968155203	116.098295	39.752995	70	25.9437852
1	1443968156203	116.110824	39.7597	70	21.8526084
2	1443968156203	116.11131	39.756138	70	26.1952236
3	1443968156203	116.108019	39.753216	70	23.3881704
4	1443968156203	116.103159	39.752127	70	22.9899312
5	1443968156203	116.098229	39.753019	70	22.4555688
1	1443968157203	116.110856	39.759652	70	21.6891216
2	1443968157203	116.111276	39.756084	70	23.7166776
3	1443968157203	116.107949	39.753188	70	24.5160576
4	1443968157203	116.103086	39.752127	70	22.458132
5	1443968157203	116.098164	39.753044	70	22.216374
1	1443968158203	116.110891	39.759601	70	23.0281704
2	1443968158203	116.11124	39.756027	70	25.3252512
3	1443968158203	116.107886	39.753163	70	21.6849744
4	1443968158203	116.103001	39.752126	70	26.1355176
5	1443968158203	116.0981	39.753068	70	22.0252536
1	1443968159203	116.110925	39.759549	70	23.1706548
2	1443968159203	116.111209	39.755978	70	22.170294
3	1443968159203	116.107812	39.753134	70	25.5332916
4	1443968159203	116.102929	39.752126	70	22.4097732
5	1443968159203	116.098026	39.753096	70	25.5484008
1	1443968160203	116.110959	39.759497	70	23.242428
2	1443968160203	116.111178	39.755928	70	22.1031216
3	1443968160203	116.107737	39.753104	70	26.12808
4	1443968160203	116.10285	39.752125	70	24.4167804
5	1443968160203	116.097956	39.753122	70	23.8901976
1	1443968161203	116.110997	39.75944	70	25.6589748
2	1443968161203	116.111145	39.755876	70	22.9281264
3	1443968161203	116.107671	39.753078	70	22.7462652
4	1443968161203	116.102766	39.752124	70	25.6717152
5	1443968161203	116.09788	39.753151	70	26.17083
1	1443968162203	116.111033	39.759387	70	24.0745896
2	1443968162203	116.111112	39.755824	70	23.40144
3	1443968162203	116.107597	39.753049	70	25.7699628
4	1443968162203	116.102693	39.752124	70	22.7839104
5	1443968162203	116.097817	39.753174	70	21.6368856
1	1443968163203	116.11107	39.75933	70	25.1656668
2	1443968163203	116.111075	39.755766	70	25.6177764
3	1443968163203	116.107529	39.753022	70	23.5699776
4	1443968163203	116.102618	39.752123	70	22.95738
5	1443968163203	116.097745	39.753201	70	24.5369556
1	1443968164203	116.111106	39.759277	70	24.1730316
2	1443968164203	116.111043	39.755715	70	22.6863864
3	1443968164203	116.107459	39.752994	70	24.3942048
4	1443968164203	116.102544	39.752123	70	22.9858092
5	1443968164203	116.097669	39.75323	70	26.2224936
1	1443968165203	116.11114	39.759224	70	23.4495864
2	1443968165203	116.111008	39.755659	70	25.0170048
3	1443968165203	116.107386	39.752965	70	25.250004
4	1443968165203	116.102465	39.752122	70	24.157638
5	1443968165203	116.097594	39.753258	70	25.6100976
1	1443968166203	116.111179	39.759167	70	25.8090264
2	1443968166203	116.110971	39.755601	70	25.5914496
3	1443968166203	116.107323	39.75294	70	21.7710216
4	1443968166203	116.102391	39.752122	70	22.8970476
5	1443968166203	116.097528	39.753283	70	22.846842
1	1443968167203	116.111216	39.759111	70	25.2882288
2	1443968167203	116.110937	39.755547	70	24.007248
3	1443968167203	116.10726	39.752916	70	21.6832212
4	1443968167203	116.102316	39.752121	70	23.009454
5	1443968167203	116.097454	39.753311	70	25.28379
1	1443968168203	116.111251	39.759058	70	23.722002
2	1443968168203	116.110905	39.755496	70	22.767642
3	1443968168203	116.107187	39.752887	70	25.4660184
4	1443968168203	116.102239	39.75212	70	23.815026
5	1443968168203	116.09738	39.753338	70	25.1714808
1	1443968169203	116.111285	39.759006	70	23.0641776
2	1443968169203	116.110873	39.755446	70	22.2571728
3	1443968169203	116.107112	39.752857	70	25.908408
4	1443968169203	116.102163	39.75212	70	23.6267208
5	1443968169203	116.097311	39.753364	70	23.6966112
1	1443968170203	116.111322	39.758951	70	24.7120668
2	1443968170203	116.110837	39.755389	70	25.4362104
3	1443968170203	116.107042	39.75283	70	24.111486
4	1443968170203	116.102086	39.752119	70	23.5688076
5	1443968170203	116.097241	39.753391	70	24.3076644
1	1443968171203	116.11136	39.758894	70	25.6210668
2	1443968171203	116.110804	39.755337	70	22.8361104
3	1443968171203	116.106971	39.752801	70	24.8459004
4	1443968171203	116.102011	39.752119	70	23.3390772
5	1443968171203	116.097172	39.753417	70	23.6102004
1	1443968172203	116.111393	39.758844	70	22.8110292
2	1443968172203	116.110773	39.755288	70	22.0133844
3	1443968172203	116.106902	39.752774	70	23.9072724
4	1443968172203	116.101932	39.752118	70	24.3928008
5	1443968172203	116.097108	39.753441	70	21.9127428
1	1443968173203	116.11143	39.758788	70	24.8123052
2	1443968173203	116.110739	39.755234	70	24.0307488
3	1443968173203	116.106831	39.752746	70	24.5013768
4	1443968173203	116.101853	39.752117	70	24.0680664
5	1443968173203	116.097042	39.753466	70	22.5405288
1	1443968174203	116.111464	39.758738	70	22.7273508
2	1443968174203	116.110708	39.755185	70	21.7776924
3	1443968174203	116.106763	39.752719	70	23.6445516
4	1443968174203	116.101769	39.752117	70	26.0259552
5	1443968174203	116.096971	39.753493	70	24.5995596
1	1443968175203	116.111499	39.758685	70	23.823846
2	1443968175203	116.110671	39.755126	70	26.1683208
3	1443968175203	116.106697	39.752693	70	22.7970648
4	1443968175203	116.101699	39.752116	70	21.6797652
5	1443968175203	116.096899	39.75352	70	24.5093292
1	1443968176203	116.111532	39.758634	70	22.6906488
2	1443968176203	116.110636	39.75507	70	24.8762808
3	1443968176203	116.106625	39.752664	70	24.9133248
4	1443968176203	116.101627	39.752116	70	22.2234984
5	1443968176203	116.096829	39.753546	70	23.8975128
1	1443968177203	116.111569	39.758578	70	24.9783552
2	1443968177203	116.1106	39.755013	70	25.1324712
3	1443968177203	116.106551	39.752635	70	25.7441112
4	1443968177203	116.101554	39.752115	70	22.5553428
5	1443968177203	116.096759	39.753572	70	24.3164772
1	1443968178203	116.111601	39.75853	70	21.6441972
2	1443968178203	116.110567	39.754962	70	23.0014116
3	1443968178203	116.106488	39.75261	70	21.8667672
4	1443968178203	116.101482	39.752115	70	22.022046
5	1443968178203	116.096695	39.753597	70	21.9667104
1	1443968179203	116.111635	39.75848	70	22.5378072
2	1443968179203	116.110533	39.754908	70	23.6609028
3	1443968179203	116.106417	39.752582	70	24.704424
4	1443968179203	116.101411	39.752114	70	22.0405608
5	1443968179203	116.096631	39.75362	70	21.64824
1	1443968180203	116.111667	39.758432	70	21.7761624
2	1443968180203	116.110496	39.75485	70	26.1625284
3	1443968180203	116.106352	39.752557	70	22.2467292
4	1443968180203	116.101333	39.752113	70	23.9447808
5	1443968180203	116.096568	39.753644	70	21.8494512
1	1443968181203	116.111705	39.758374	70	25.675686
2	1443968181203	116.110465	39.7548	70	21.8641356
3	1443968181203	116.106279	39.752528	70	25.2682416
4	1443968181203	116.101248	39.752113	70	26.1894312
5	1443968181203	116.096492	39.753673	70	25.9680744
1	1443968182203	116.111741	39.758319	70	24.6213936
2	1443968182203	116.110428	39.754742	70	26.1665496
3	1443968182203	116.106213	39.752501	70	23.1495408
4	1443968182203	116.101172	39.752112	70	23.6108412
5	1443968182203	116.096417	39.753701	70	25.8133248
1	1443968183203	116.111777	39.758265	70	24.2561412
2	1443968183203	116.110396	39.754691	70	22.5994932
3	1443968183203	116.10615	39.752476	70	21.8439648
4	1443968183203	116.101091	39.752111	70	25.0194528
5	1443968183203	116.096345	39.753728	70	24.5373012
1	1443968184203	116.111811	39.758214	70	23.0863968
2	1443968184203	116.110359	39.754632	70	26.0213328
3	1443968184203	116.106077	39.752448	70	25.1412084
4	1443968184203	116.101009	39.752111	70	25.2788544
5	1443968184203	116.09628	39.753753	70	22.5824688
1	1443968185203	116.111847	39.75816	70	24.05142
2	1443968185203	116.110327	39.754582	70	22.4913852
3	1443968185203	116.10601	39.752421	70	23.232582
4	1443968185203	116.100933	39.75211	70	23.453712
5	1443968185203	116.096215	39.753777	70	22.139514
1	1443968186203	116.111883	39.758106	70	24.5155392
2	1443968186203	116.110296	39.754533	70	21.6985824
3	1443968186203	116.105946	39.752396	70	22.1889672
4	1443968186203	116.100852	39.75211	70	24.8219064
5	1443968186203	116.09615	39.753802	70	22.4084232
1	1443968187203	116.111919	39.758052	70	24.3580572
2	1443968187203	116.11026	39.754475	70	25.63695
3	1443968187203	116.105881	39.75237	70	22.4646588
4	1443968187203	116.100779	39.752109	70	22.656906
5	1443968187203	116.096076	39.753829	70	25.2607788
1	1443968188203	116.111952	39.758002	70	22.1684292
2	1443968188203	116.110229	39.754426	70	21.9432744
3	1443968188203	116.105808	39.752341	70	25.2531252
4	1443968188203	116.100703	39.752108	70	23.4652536
5	1443968188203	116.096009	39.753854	70	22.866678
1	1443968189203	116.11199	39.757945	70	25.5078504
2	1443968189203	116.110198	39.754377	70	21.7019736
3	1443968189203	116.10574	39.752314	70	23.8077
4	1443968189203	116.100626	39.752117	70	24.5503368
5	1443968189203	116.095955	39.75389	70	22.8777156
1	1443968190203	116.112026	39.757891	70	24.5823588
2	1443968190203	116.110163	39.754321	70	24.7282704
3	1443968190203	116.105673	39.752288	70	23.0543604
4	1443968190203	116.100551	39.752146	70	25.6618224
5	1443968190203	116.095921	39.753941	70	22.9026276
1	1443968191203	116.112064	39.757833	70	25.9365708
2	1443968191203	116.110131	39.754271	70	22.5066024
3	1443968191203	116.105605	39.752261	70	23.500746
4	1443968191203	116.100485	39.75217	70	22.4099496
5	1443968191203	116.095884	39.753996	70	24.6689244
1	1443968192203	116.112099	39.75778	70	23.774094
2	1443968192203	116.110094	39.754213	70	25.527906
3	1443968192203	116.105531	39.752231	70	25.8929064
4	1443968192203	116.100414	39.752197	70	24.4099404
5	1443968192203	116.095847	39.754052	70	25.0958988
1	1443968193203	116.112138	39.757722	70	26.0958636
2	1443968193203	116.110063	39.754165	70	21.6726552
3	1443968193203	116.10546	39.752204	70	24.3573804
4	1443968193203	116.10035	39.752221	70	22.2299316
5	1443968193203	116.095812	39.754104	70	23.7744072
1	1443968194203	116.112176	39.757664	70	25.998732
2	1443968194203	116.110032	39.754114	70	22.32945
3	1443968194203	116.105396	39.752178	70	22.2369012
4	1443968194203	116.100279	39.752248	70	24.3641088
5	1443968194203	116.09578	39.754153	70	21.9026232
1	1443968195203	116.112209	39.757614	70	22.2735348
2	1443968195203	116.109999	39.754062	70	23.0776164
3	1443968195203	116.105322	39.752149	70	25.6466844
4	1443968195203	116.100207	39.752275	70	24.3754416
5	1443968195203	116.095746	39.754204	70	22.6547208
1	1443968196203	116.112211	39.757563	70	22.5424296
2	1443968196203	116.109964	39.754007	70	24.6643956
3	1443968196203	116.105239	39.752144	70	25.9254972
4	1443968196203	116.100133	39.752303	70	25.4560068
5	1443968196203	116.095712	39.754256	70	23.3722584
1	1443968197203	116.112177	39.757509	70	24.0321564
2	1443968197203	116.109914	39.753966	70	23.5334232
3	1443968197203	116.105165	39.752143	70	22.8209616
4	1443968197203	116.100058	39.752331	70	25.9588044
5	1443968197203	116.095675	39.754312	70	25.1389512
1	1443968198203	116.112141	39.757452	70	25.2725472
2	1443968198203	116.10984	39.753936	70	25.7106852
3	1443968198203	116.105088	39.752142	70	23.8919148
4	1443968198203	116.099987	39.752358	70	24.1966008
5	1443968198203	116.095638	39.754367	70	24.5978892
1	1443968199203	116.112108	39.757401	70	22.5959616
2	1443968199203	116.109771	39.753909	70	23.9156928
3	1443968199203	116.105011	39.752142	70	23.699646
4	1443968199203	116.099923	39.752382	70	21.8412252
5	1443968199203	116.095606	39.754415	70	21.7246248
1	1443968200203	116.112075	39.757348	70	23.8231044
2	1443968200203	116.1097	39.753881	70	24.4433412
3	1443968200203	116.104934	39.752141	70	23.6560356
4	1443968200203	116.09985	39.752409	70	25.049664
5	1443968200203	116.095569	39.754471	70	25.207038
1	1443968201203	116.112041	39.757294	70	23.9637312
2	1443968201203	116.10963	39.753853	70	24.3167004
3	1443968201203	116.104857	39.752141	70	23.8766148
4	1443968201203	116.099783	39.752435	70	23.3127036
5	1443968201203	116.095535	39.754522	70	22.7530584
1	1443968202203	116.11201	39.757245	70	21.6544716
2	1443968202203	116.109561	39.753826	70	24.038442
3	1443968202203	116.104784	39.75214	70	22.6488456
4	1443968202203	116.099707	39.752463	70	26.0650836
5	1443968202203	116.095497	39.754579	70	25.5411972
1	1443968203203	116.111977	39.757192	70	23.3973072
2	1443968203203	116.109496	39.7538	70	22.3739352
3	1443968203203	116.104701	39.752139	70	25.4758932
4	1443968203203	116.099635	39.75249	70	24.6028356
5	1443968203203	116.095463	39.754631	70	23.3776656
1	1443968204203	116.111942	39.757138	70	24.1812972
2	1443968204203	116.109426	39.753772	70	24.461766
3	1443968204203	116.104623	39.752139	70	24.0722604
4	1443968204203	116.099559	39.752519	70	25.8886944
5	1443968204203	116.09543	39.754681	70	22.3900164
1	1443968205203	116.11191	39.757088	70	22.343544
2	1443968205203	116.109351	39.753743	70	25.9694568
3	1443968205203	116.104552	39.752138	70	21.8758536
4	1443968205203	116.099489	39.752545	70	24.0501204
5	1443968205203	116.095395	39.754733	70	23.6127384
1	1443968206203	116.111876	39.757033	70	24.1858944
2	1443968206203	116.109288	39.753718	70	21.8997072
3	1443968206203	116.104475	39.752138	70	23.814306
4	1443968206203	116.099415	39.752573	70	25.4303424
5	1443968206203	116.095361	39.754784	70	22.6549404
1	1443968207203	116.11184	39.756976	70	25.480854
2	1443968207203	116.109218	39.75369	70	24.0593112
3	1443968207203	116.104404	39.752137	70	21.7525896
4	1443968207203	116.09935	39.752597	70	22.4377272
5	1443968207203	116.095323	39.754841	70	25.9136208
1	1443968208203	116.111805	39.756921	70	24.6354444
2	1443968208203	116.109148	39.753663	70	24.2652744
3	1443968208203	116.104325	39.752137	70	24.3667908
4	1443968208203	116.099276	39.752625	70	25.1600112
5	1443968208203	116.095284	39.754899	70	25.9622388
1	1443968209203	116.111769	39.756863	70	25.4742768
2	1443968209203	116.109083	39.753637	70	22.6435608
3	1443968209203	116.104254	39.752136	70	21.961152
4	1443968209203	116.0992	39.752654	70	26.2355652
5	1443968209203	116.09525	39.754951	70	23.4628452
1	1443968210203	116.111733	39.756807	70	24.9911964
2	1443968210203	116.109013	39.753609	70	24.2807976
3	1443968210203	116.104176	39.752135	70	24.008562
4	1443968210203	116.099133	39.752679	70	23.149674
5	1443968210203	116.095213	39.755006	70	24.6580884
1	1443968211203	116.111696	39.756749	70	26.0394156
2	1443968211203	116.10895	39.753584	70	21.855708
3	1443968211203	116.104095	39.752135	70	24.971922
4	1443968211203	116.099058	39.752707	70	25.7435316
5	1443968211203	116.095176	39.755062	70	25.1315604
1	1443968212203	116.111665	39.756699	70	22.1258664
2	1443968212203	116.108885	39.753558	70	22.4223912
3	1443968212203	116.104022	39.752134	70	22.5367308
4	1443968212203	116.098983	39.752735	70	25.4181816
5	1443968212203	116.095142	39.755114	70	23.2408332
1	1443968213203	116.111633	39.756649	70	22.2200424
2	1443968213203	116.108814	39.75353	70	24.6136536
3	1443968213203	116.103945	39.752134	70	23.8245624
4	1443968213203	116.098914	39.752762	70	23.8783788
5	1443968213203	116.095105	39.755168	70	24.4660104
1	1443968214203	116.111598	39.756593	70	24.8670216
2	1443968214203	116.10874	39.753501	70	25.6139892
3	1443968214203	116.103872	39.752133	70	22.4253324
4	1443968214203	116.098838	39.75279	70	25.9879536
5	1443968214203	116.095073	39.755217	70	21.946734
1	1443968215203	116.111563	39.756538	70	24.2813448
2	1443968215203	116.108666	39.753472	70	25.8398352
3	1443968215203	116.103801	39.752132	70	21.9683412
4	1443968215203	116.098771	39.752815	70	22.9946652
5	1443968215203	116.095039	39.755268	70	22.77855
1	1443968216203	116.11153	39.756486	70	23.0411628
2	1443968216203	116.108594	39.753443	70	24.8723316
3	1443968216203	116.103728	39.752132	70	22.5555444
4	1443968216203	116.0987	39.752842	70	24.2453268
5	1443968216203	116.095004	39.755321	70	23.8495212
1	1443968217203	116.111499	39.756437	70	22.0924944
2	1443968217203	116.108526	39.753416	70	23.4530964
3	1443968217203	116.103655	39.752131	70	22.6387548
4	1443968217203	116.098628	39.752869	70	24.9029064
5	1443968217203	116.094971	39.755371	70	22.5715536
1	1443968218203	116.111467	39.756386	70	22.6349784
2	1443968218203	116.108458	39.75339	70	23.5531296
3	1443968218203	116.103572	39.752131	70	25.5082356
4	1443968218203	116.098554	39.752897	70	25.4364084
5	1443968218203	116.094933	39.755428	70	25.4703276
1	1443968219203	116.111432	39.75633	70	24.6273444
2	1443968219203	116.108386	39.753361	70	24.9639444
3	1443968219203	116.103488	39.75213	70	26.0200764
4	1443968219203	116.098488	39.752922	70	22.4622324
5	1443968219203	116.094897	39.755482	70	24.1232688
1	1443968220203	116.111395	39.756272	70	25.9016796
2	1443968220203	116.10832	39.753335	70	22.7861928
3	1443968220203	116.10341	39.752129	70	23.8777164
4	1443968220203	116.098422	39.752947	70	22.6820916
5	1443968220203	116.094859	39.755539	70	25.7903496
1	1443968221203	116.111363	39.756221	70	22.6131768
2	1443968221203	116.108247	39.753306	70	25.4177064
3	1443968221203	116.103325	39.752129	70	26.2618488
4	1443968221203	116.098356	39.752971	70	22.6414188
5	1443968221203	116.094827	39.755588	70	21.779496
1	1443968222203	116.111329	39.756167	70	24.2032896
2	1443968222203	116.10818	39.75328	70	23.0900292
3	1443968222203	116.103247	39.752128	70	24.0792768
4	1443968222203	116.09828	39.753	70	26.2539468
5	1443968222203	116.09479	39.755643	70	24.7434264
1	1443968223203	116.111297	39.756117	70	22.2703128
2	1443968223203	116.10811	39.753252	70	24.446412
3	1443968223203	116.103169	39.752128	70	24.0311844
4	1443968223203	116.098205	39.753028	70	25.4922732
5	1443968223203	116.094755	39.755697	70	24.1707672
1	1443968224203	116.111263	39.756064	70	23.498118
2	1443968224203	116.108037	39.753223	70	25.2040032
3	1443968224203	116.103096	39.752127	70	22.388886
4	1443968224203	116.098131	39.753056	70	25.668468
5	1443968224203	116.094721	39.755747	70	22.7854548
1	1443968225203	116.111227	39.756006	70	25.8912684
2	1443968225203	116.107972	39.753197	70	22.6368504
3	1443968225203	116.10302	39.752126	70	23.4882864
4	1443968225203	116.098058	39.753084	70	24.8809968
5	1443968225203	116.094689	39.755796	70	21.7308096
1	1443968226203	116.111189	39.755947	70	26.2385244
2	1443968226203	116.107905	39.753171	70	23.2603848
3	1443968226203	116.102943	39.752126	70	23.8862592
4	1443968226203	116.097983	39.753112	70	25.793352
5	1443968226203	116.094651	39.755852	70	25.4273976
1	1443968227203	116.111157	39.755895	70	22.9655088
2	1443968227203	116.107829	39.753141	70	26.2623708
3	1443968227203	116.102871	39.752125	70	22.0258836
4	1443968227203	116.097913	39.753138	70	24.1155936
5	1443968227203	116.094618	39.755902	70	22.247334
1	1443968228203	116.111124	39.755843	70	22.9683744
2	1443968228203	116.107762	39.753114	70	23.165892
3	1443968228203	116.102795	39.752125	70	23.6731104
4	1443968228203	116.097844	39.753164	70	23.4964368
5	1443968228203	116.094585	39.755952	70	22.6480932
1	1443968229203	116.111091	39.755791	70	23.3608788
2	1443968229203	116.107695	39.753088	70	23.2233804
3	1443968229203	116.10272	39.752124	70	23.020668
4	1443968229203	116.09777	39.753192	70	25.3753452
5	1443968229203	116.094546	39.756011	70	26.256114
1	1443968230203	116.111056	39.755736	70	24.3083844
2	1443968230203	116.107628	39.753061	70	23.3043948
3	1443968230203	116.102641	39.752123	70	24.2844192
4	1443968230203	116.097703	39.753217	70	23.0934996
5	1443968230203	116.094513	39.756061	70	22.2874668
1	1443968231203	116.111023	39.755684	70	23.279256
2	1443968231203	116.10756	39.753034	70	23.571792
3	1443968231203	116.102559	39.752123	70	25.428528
4	1443968231203	116.097632	39.753244	70	24.30774
5	1443968231203	116.094479	39.756111	70	22.8109068
1	1443968232203	116.110987	39.755627	70	25.3298268
2	1443968232203	116.10749	39.753006	70	24.3050904
3	1443968232203	116.10248	39.752122	70	24.2955324
4	1443968232203	116.09756	39.753271	70	24.8318172
5	1443968232203	116.094444	39.756164	70	23.5391004
1	1443968233203	116.110952	39.755571	70	24.917796
2	1443968233203	116.107418	39.752978	70	24.9512148
3	1443968233203	116.102401	39.752122	70	24.4285632
4	1443968233203	116.097496	39.753295	70	21.7224504
5	1443968233203	116.09441	39.756216	70	23.4635904
1	1443968234203	116.110917	39.755516	70	24.5127456
2	1443968234203	116.107346	39.752949	70	24.9813684
3	1443968234203	116.102316	39.752121	70	26.19747
4	1443968234203	116.097427	39.753321	70	23.6446236
5	1443968234203	116.094376	39.756266	70	22.5128844
1	1443968235203	116.110884	39.755464	70	22.9489128
2	1443968235203	116.10728	39.752923	70	22.8780396
3	1443968235203	116.102237	39.75212	70	24.2114436
4	1443968235203	116.097353	39.753349	70	25.674084
5	1443968235203	116.094344	39.756315	70	21.8285568
1	1443968236203	116.110851	39.755411	70	23.6328768
2	1443968236203	116.107217	39.752899	70	21.712518
3	1443968236203	116.102153	39.75212	70	26.11017
4	1443968236203	116.097285	39.753374	70	23.2506324
5	1443968236203	116.094306	39.756372	70	25.556184
1	1443968237203	116.110816	39.755355	70	24.7903812
2	1443968237203	116.107151	39.752873	70	22.7481948
3	1443968237203	116.102073	39.752119	70	24.5096568
4	1443968237203	116.097209	39.753403	70	25.9787556
5	1443968237203	116.094274	39.756421	70	21.99195
1	1443968238203	116.110782	39.755302	70	23.4272772
2	1443968238203	116.107085	39.752847	70	22.854456
3	1443968238203	116.101996	39.752118	70	23.9970852
4	1443968238203	116.097134	39.753431	70	25.6677948
5	1443968238203	116.094239	39.756473	70	23.5650276
1	1443968239203	116.110748	39.755248	70	24.298524
2	1443968239203	116.10702	39.752821	70	22.510728
3	1443968239203	116.101917	39.752118	70	24.3282708
4	1443968239203	116.097059	39.753459	70	25.7105916
5	1443968239203	116.094204	39.756526	70	23.5448244
1	1443968240203	116.110715	39.755196	70	22.8168756
2	1443968240203	116.10695	39.752793	70	24.409854
3	1443968240203	116.101842	39.752117	70	23.0425668
4	1443968240203	116.096992	39.753485	70	23.2087464
5	1443968240203	116.094169	39.756579	70	23.7703428
1	1443968241203	116.11068	39.755141	70	24.51168
2	1443968241203	116.106876	39.752764	70	25.7181912
3	1443968241203	116.10177	39.752117	70	22.1876928
4	1443968241203	116.096917	39.753513	70	25.7098572
5	1443968241203	116.094133	39.756632	70	23.9492808
1	1443968242203	116.110646	39.755086	70	24.4906632
2	1443968242203	116.106801	39.752734	70	26.0533908
3	1443968242203	116.101687	39.752116	70	25.6891752
4	1443968242203	116.096846	39.75354	70	24.2706456
5	1443968242203	116.094096	39.756688	70	25.3176192
1	1443968243203	116.110612	39.755033	70	23.6301804
2	1443968243203	116.10673	39.752706	70	24.6089016
3	1443968243203	116.101616	39.752116	70	21.6815688
4	1443968243203	116.096777	39.753565	70	23.6421252
5	1443968243203	116.094061	39.756741	70	23.8188924
1	1443968244203	116.110577	39.754977	70	24.6949344
2	1443968244203	116.106658	39.752677	70	24.9536412
3	1443968244203	116.101538	39.752115	70	24.2435016
4	1443968244203	116.096712	39.75359	70	22.503024
5	1443968244203	116.094025	39.756795	70	24.335676
1	1443968245203	116.110542	39.754921	70	24.9239124
2	1443968245203	116.106594	39.752652	70	22.0096548
3	1443968245203	116.101466	39.752114	70	22.1085072
4	1443968245203	116.096636	39.753619	70	26.031834
5	1443968245203	116.09399	39.756847	70	23.1939252
1	1443968246203	116.110511	39.754872	70	21.754494
2	1443968246203	116.106519	39.752623	70	25.8953688
3	1443968246203	116.101382	39.752114	70	25.9379892
4	1443968246203	116.096562	39.753646	70	25.230888
5	1443968246203	116.093952	39.756906	70	26.2379016
1	1443968247203	116.110479	39.754822	70	22.5807588
2	1443968247203	116.106451	39.752596	70	23.6385576
3	1443968247203	116.101302	39.752113	70	24.7791348
4	1443968247203	116.096487	39.753674	70	25.615476
5	1443968247203	116.093913	39.756963	70	25.7258088
1	1443968248203	116.110441	39.754763	70	26.1984312
2	1443968248203	116.106381	39.752568	70	24.4341036
3	1443968248203	116.101231	39.752113	70	21.9750264
4	1443968248203	116.096422	39.753699	70	22.3412148
5	1443968248203	116.09388	39.757014	70	22.9503024
1	1443968249203	116.11041	39.754713	70	22.2299784
2	1443968249203	116.106317	39.752543	70	22.0718088
3	1443968249203	116.101151	39.752112	70	24.4865484
4	1443968249203	116.09635	39.753726	70	24.9285204
5	1443968249203	116.093844	39.757067	70	23.7564468
1	1443968250203	116.110378	39.754662	70	22.5362988
2	1443968250203	116.106244	39.752514	70	25.1607312
3	1443968250203	116.101078	39.752111	70	22.514004
4	1443968250203	116.096279	39.753753	70	24.3835452
5	1443968250203	116.093807	39.757124	70	25.6023468
1	1443968251203	116.110346	39.754612	70	22.3632828
2	1443968251203	116.106175	39.752486	70	24.1502652
3	1443968251203	116.100996	39.752111	70	25.342056
4	1443968251203	116.096211	39.753778	70	23.0767128
5	1443968251203	116.093774	39.757174	70	22.2850872
1	1443968252203	116.110313	39.75456	70	22.8450024
2	1443968252203	116.106107	39.75246	70	23.3182728
3	1443968252203	116.100913	39.75211	70	25.6556664
4	1443968252203	116.096148	39.753802	70	21.691836
5	1443968252203	116.093735	39.757232	70	26.1804456
1	1443968253203	116.11028	39.754507	70	23.575122
2	1443968253203	116.106038	39.752432	70	24.0015276
3	1443968253203	116.100835	39.75211	70	23.9002776
4	1443968253203	116.096074	39.75383	70	25.3860696
5	1443968253203	116.093698	39.757287	70	24.5828952
1	1443968254203	116.110245	39.754453	70	24.2948844
2	1443968254203	116.105969	39.752405	70	24.056424
3	1443968254203	116.100751	39.752109	70	26.0678448
4	1443968254203	116.096008	39.753855	70	22.6194192
5	1443968254203	116.093664	39.757338	70	23.2473312
1	1443968255203	116.110214	39.754403	70	22.13793
2	1443968255203	116.105894	39.752375	70	25.9930944
3	1443968255203	116.100679	39.752108	70	22.0582872
4	1443968255203	116.09595	39.753897	70	25.8696828
5	1443968255203	116.093626	39.757396	70	25.729236
1	1443968256203	116.110181	39.754351	70	22.9860684
2	1443968256203	116.105819	39.752345	70	26.07291
3	1443968256203	116.100608	39.752124	70	23.4663084
4	1443968256203	116.095917	39.753947	70	22.3783272
5	1443968256203	116.093596	39.757448	70	23.1096744
1	1443968257203	116.110145	39.754293	70	25.785468
2	1443968257203	116.105743	39.752315	70	26.2011384
3	1443968257203	116.100539	39.75215	70	23.4813816
4	1443968257203	116.095884	39.753996	70	21.9625524
5	1443968257203	116.093633	39.757507	70	26.2335348
1	1443968258203	116.110114	39.754244	70	21.8942208
2	1443968258203	116.105677	39.752289	70	22.8022704
3	1443968258203	116.100471	39.752175	70	23.3759088
4	1443968258203	116.095846	39.754054	70	26.0255268
5	1443968258203	116.093666	39.757558	70	22.7564856
1	1443968259203	116.110077	39.754186	70	25.8961032
2	1443968259203	116.105615	39.752265	70	21.6696564
3	1443968259203	116.100405	39.7522	70	22.5582588
4	1443968259203	116.095808	39.754111	70	25.4818296
5	1443968259203	116.093699	39.757611	70	23.2352604
1	1443968260203	116.110042	39.75413	70	24.680934
2	1443968260203	116.105546	39.752238	70	23.7027708
3	1443968260203	116.10033	39.752228	70	25.737876
4	1443968260203	116.095771	39.754167	70	25.2569592
5	1443968260203	116.093733	39.757665	70	24.399576
1	1443968261203	116.110009	39.754078	70	23.128812
2	1443968261203	116.105481	39.752212	70	22.756284
3	1443968261203	116.100256	39.752256	70	25.4507292
4	1443968261203	116.095733	39.754224	70	25.45857
5	1443968261203	116.093764	39.757714	70	21.7671012
1	1443968262203	116.109974	39.754022	70	24.7343796
2	1443968262203	116.105415	39.752186	70	22.8171924
3	1443968262203	116.100183	39.752284	70	24.9826536
4	1443968262203	116.095697	39.754278	70	24.2370432
5	1443968262203	116.093795	39.757764	70	21.9468852
1	1443968263203	116.109933	39.753973	70	23.8289724
2	1443968263203	116.105349	39.75216	70	22.6923192
3	1443968263203	116.10011	39.752311	70	25.205814
4	1443968263203	116.09566	39.754333	70	25.0832304
5	1443968263203	116.093829	39.757818	70	23.9902596
1	1443968264203	116.10986	39.753944	70	25.3601604
2	1443968264203	116.105276	39.752144	70	24.0179868
3	1443968264203	116.100036	39.752339	70	25.5452544
4	1443968264203	116.095623	39.75439	70	25.285176
5	1443968264203	116.093865	39.757874	70	24.9903576
1	1443968265203	116.109795	39.753918	70	22.642596
2	1443968265203	116.105205	39.752143	70	21.78243
3	1443968265203	116.099967	39.752365	70	23.513598
4	1443968265203	116.095588	39.754442	70	23.4300456
5	1443968265203	116.093896	39.757923	70	21.907908
1	1443968266203	116.10972	39.753889	70	25.792614
2	1443968266203	116.105129	39.752143	70	23.4809604
3	1443968266203	116.099898	39.752391	70	23.6668176
4	1443968266203	116.095555	39.754492	70	22.351572
5	1443968266203	116.093931	39.757978	70	24.4929204
1	1443968267203	116.109651	39.753861	70	24.046038
2	1443968267203	116.105049	39.752142	70	24.8847948
3	1443968267203	116.099823	39.752419	70	25.7244264
4	1443968267203	116.095518	39.754548	70	25.1272404
5	1443968267203	116.093966	39.758034	70	24.752232
1	1443968268203	116.109582	39.753834	70	24.0391656
2	1443968268203	116.104967	39.752141	70	25.3220832
3	1443968268203	116.09976	39.752443	70	21.62304
4	1443968268203	116.095484	39.754599	70	23.0296752
5	1443968268203	116.094003	39.758093	70	26.0008632
1	1443968269203	116.109518	39.753809	70	22.1422824
2	1443968269203	116.104886	39.752141	70	24.8438808
3	1443968269203	116.099693	39.752468	70	23.0681664
4	1443968269203	116.095447	39.754655	70	25.1427096
5	1443968269203	116.094036	39.758144	70	23.077044
1	1443968270203	116.109449	39.753782	70	23.6964888
2	1443968270203	116.104812	39.75214	70	22.9713732
3	1443968270203	116.099627	39.752493	70	22.5493416
4	1443968270203	116.095408	39.754713	70	26.2662804
5	1443968270203	116.094069	39.758197	70	23.2952688
1	1443968271203	116.109382	39.753755	70	23.1537096
2	1443968271203	116.104732	39.75214	70	24.4162692
3	1443968271203	116.099559	39.752519	70	23.2805916
4	1443968271203	116.095372	39.754767	70	23.847138
5	1443968271203	116.094103	39.758251	70	23.9729112
1	1443968272203	116.109316	39.753729	70	23.116608
2	1443968272203	116.104649	39.752139	70	25.8227424
3	1443968272203	116.099494	39.752543	70	22.259322
4	1443968272203	116.095338	39.754818	70	23.0779728
5	1443968272203	116.094134	39.7583	70	22.0012884
1	1443968273203	116.109248	39.753702	70	23.517126
2	1443968273203	116.104567	39.752138	70	25.3271448
3	1443968273203	116.099425	39.752569	70	23.888916
4	1443968273203	116.095305	39.754868	70	22.2972228
5	1443968273203	116.094167	39.758352	70	22.9808628
1	1443968274203	116.109184	39.753677	70	21.9827484
2	1443968274203	116.10449	39.752138	70	23.56578
3	1443968274203	116.099356	39.752595	70	23.7082968
4	1443968274203	116.095269	39.754922	70	24.6147984
5	1443968274203	116.094199	39.758403	70	22.778514
1	1443968275203	116.109119	39.753651	70	22.5085248
2	1443968275203	116.104405	39.752137	70	26.2780596
3	1443968275203	116.099289	39.75262	70	22.952394
4	1443968275203	116.095231	39.75498	70	25.7970996
5	1443968275203	116.09423	39.758452	70	21.8327976
1	1443968276203	116.109051	39.753624	70	23.6159352
2	1443968276203	116.10432	39.752136	70	26.109036
3	1443968276203	116.099213	39.752649	70	26.1532908
4	1443968276203	116.095198	39.755029	70	22.16007
5	1443968276203	116.094264	39.758506	70	24.0223284
1	1443968277203	116.108981	39.753596	70	24.3708156
2	1443968277203	116.104236	39.752136	70	26.0117352
3	1443968277203	116.099141	39.752676	70	24.471252
4	1443968277203	116.095162	39.755084	70	24.4947636
5	1443968277203	116.094298	39.758559	70	23.4246564
1	1443968278203	116.108918	39.753572	70	21.8110248
2	1443968278203	116.104163	39.752135	70	22.3636284
3	1443968278203	116.099071	39.752702	70	23.951124
4	1443968278203	116.095129	39.755133	70	21.8976804
5	1443968278203	116.094331	39.758612	70	23.5116792
1	1443968279203	116.108847	39.753543	70	24.7517784
2	1443968279203	116.104091	39.752135	70	22.2518304
3	1443968279203	116.098996	39.752731	70	25.9215624
4	1443968279203	116.095095	39.755184	70	23.2906572
5	1443968279203	116.094366	39.758667	70	24.4751832
1	1443968280203	116.108778	39.753516	70	23.8639932
2	1443968280203	116.104012	39.752134	70	24.3496188
3	1443968280203	116.098926	39.752757	70	23.9320908
4	1443968280203	116.095058	39.75524	70	24.8190876
5	1443968280203	116.094398	39.758718	70	22.696668
1	1443968281203	116.108715	39.753491	70	21.615336
2	1443968281203	116.103933	39.752133	70	24.4836612
3	1443968281203	116.098861	39.752781	70	22.224366
4	1443968281203	116.095026	39.755288	70	21.6010008
5	1443968281203	116.094429	39.758767	70	21.9634488
1	1443968282203	116.108643	39.753463	70	25.0346088
2	1443968282203	116.10386	39.752133	70	22.561704
3	1443968282203	116.098796	39.752806	70	22.2569064
4	1443968282203	116.094988	39.755346	70	26.1331812
5	1443968282203	116.094461	39.758818	70	22.3034544
1	1443968283203	116.108578	39.753437	70	22.4836956
2	1443968283203	116.103779	39.752132	70	24.8426532
3	1443968283203	116.098729	39.752831	70	23.2220448
4	1443968283203	116.094953	39.755398	70	23.4010044
5	1443968283203	116.094497	39.758875	70	25.6689828
1	1443968284203	116.108515	39.753412	70	21.7879992
2	1443968284203	116.103697	39.752132	70	25.4202768
3	1443968284203	116.098662	39.752856	70	23.0574096
4	1443968284203	116.09492	39.755447	70	21.9631536
5	1443968284203	116.094534	39.758933	70	25.7506092
1	1443968285203	116.108448	39.753385	70	23.49675
2	1443968285203	116.103626	39.752131	70	21.994398
3	1443968285203	116.098595	39.752881	70	22.7386152
4	1443968285203	116.094883	39.755503	70	25.291152
5	1443968285203	116.094571	39.758992	70	25.8832584
1	1443968286203	116.108373	39.753356	70	25.7188644
2	1443968286203	116.103555	39.752131	70	21.7533888
3	1443968286203	116.098526	39.752907	70	23.7819564
4	1443968286203	116.094846	39.755559	70	25.1551044
5	1443968286203	116.094607	39.75905	70	25.797582
1	1443968287203	116.10831	39.753331	70	21.9445164
2	1443968287203	116.103483	39.75213	70	22.0740372
3	1443968287203	116.098461	39.752932	70	22.3498368
4	1443968287203	116.094808	39.755616	70	25.2945756
5	1443968287203	116.094641	39.759103	70	23.8208652
1	1443968288203	116.108243	39.753305	70	23.21217
2	1443968288203	116.103401	39.752129	70	25.477596
3	1443968288203	116.098394	39.752957	70	22.9639716
4	1443968288203	116.094771	39.755672	70	25.1760816
5	1443968288203	116.094673	39.759154	70	22.397994
1	1443968289203	116.108178	39.753279	70	22.6451016
2	1443968289203	116.103318	39.752129	70	25.7065452
3	1443968289203	116.098329	39.752982	70	22.366206
4	1443968289203	116.094733	39.755729	70	25.9217136
5	1443968289203	116.094708	39.759209	70	24.6700332
1	1443968290203	116.108114	39.753254	70	22.005288
2	1443968290203	116.103243	39.752128	70	22.9323852
3	1443968290203	116.098264	39.753006	70	22.2295392
4	1443968290203	116.094695	39.755786	70	25.5096972
5	1443968290203	116.094745	39.759268	70	26.1683316
1	1443968291203	116.108052	39.753229	70	21.714012
2	1443968291203	116.103165	39.752128	70	24.053166
3	1443968291203	116.098191	39.753034	70	25.114608
4	1443968291203	116.094663	39.755835	70	21.814182
5	1443968291203	116.094779	39.75932	70	23.3466912
1	1443968292203	116.107983	39.753201	70	23.9032944
2	1443968292203	116.103094	39.752127	70	21.8254068
3	1443968292203	116.098118	39.753061	70	25.055964
4	1443968292203	116.094627	39.755888	70	23.8788108
5	1443968292203	116.094813	39.759375	70	24.1411392
1	1443968293203	116.107915	39.753175	70	23.5412892
2	1443968293203	116.103017	39.752126	70	24.0056532
3	1443968293203	116.098044	39.753089	70	25.1579412
4	1443968293203	116.094591	39.755942	70	24.4300392
5	1443968293203	116.094848	39.75943	70	24.5087856
1	1443968294203	116.107849	39.753148	70	22.9115628
2	1443968294203	116.10294	39.752126	70	23.5894392
3	1443968294203	116.09797	39.753117	70	25.5907296
4	1443968294203	116.094559	39.755992	70	22.1787468
5	1443968294203	116.094882	39.759484	70	23.866542
1	1443968295203	116.107782	39.753122	70	23.1831504
2	1443968295203	116.102859	39.752125	70	24.9072804
3	1443968295203	116.097901	39.753142	70	23.473458
4	1443968295203	116.094521	39.756048	70	25.2283248
5	1443968295203	116.094918	39.759541	70	25.660134
1	1443968296203	116.107715	39.753096	70	23.0640228
2	1443968296203	116.102787	39.752125	70	22.223718
3	1443968296203	116.097827	39.75317	70	25.4000808
4	1443968296203	116.094485	39.756103	70	24.6117096
5	1443968296203	116.09495	39.759592	70	22.7539116
1	1443968297203	116.107647	39.753069	70	23.7424356
2	1443968297203	116.102715	39.752124	70	22.2477624
3	1443968297203	116.097758	39.753196	70	23.788656
4	1443968297203	116.094449	39.756157	70	24.2236872
5	1443968297203	116.094986	39.759648	70	24.8889204
1	1443968298203	116.107582	39.753043	70	22.2738012
2	1443968298203	116.10264	39.752123	70	23.1214572
3	1443968298203	116.097692	39.753221	70	22.714218
4	1443968298203	116.094411	39.756213	70	25.4069712
5	1443968298203	116.095017	39.759698	70	22.00743
1	1443968299203	116.107517	39.753017	70	22.539186
2	1443968299203	116.102562	39.752123	70	24.1006644
3	1443968299203	116.097615	39.75325	70	26.2437516
4	1443968299203	116.094376	39.756266	70	23.7816612
5	1443968299203	116.095053	39.759755	70	25.5158352
1	1443968300203	116.10745	39.752991	70	23.4310824
2	1443968300203	116.102478	39.752122	70	26.0284284
3	1443968300203	116.097552	39.753274	70	21.9099312
4	1443968300203	116.094343	39.756316	70	22.4711784
5	1443968300203	116.095088	39.75981	70	24.394014
1	1443968301203	116.107376	39.752962	70	25.4394972
2	1443968301203	116.102405	39.752122	70	22.453668
3	1443968301203	116.09748	39.753301	70	24.5787192
4	1443968301203	116.09431	39.756366	70	22.3181496
5	1443968301203	116.095122	39.759865	70	24.2260272
1	1443968302203	116.107309	39.752935	70	23.2286328
2	1443968302203	116.102321	39.752121	70	26.01369
3	1443968302203	116.097406	39.753329	70	25.2739764
4	1443968302203	116.094274	39.756419	70	23.9868252
5	1443968302203	116.095156	39.759918	70	23.526072
1	1443968303203	116.107236	39.752906	70	25.41069
2	1443968303203	116.102245	39.75212	70	23.2102728
3	1443968303203	116.09733	39.753357	70	26.1013104
4	1443968303203	116.094237	39.756475	70	25.1523072
5	1443968303203	116.09519	39.759973	70	24.448284
1	1443968304203	116.107163	39.752877	70	25.1791704
2	1443968304203	116.102166	39.75212	70	24.5834064
3	1443968304203	116.097262	39.753383	70	23.3715564
4	1443968304203	116.094204	39.756526	70	22.7813724
5	1443968304203	116.095226	39.760028	70	24.734034
1	1443968305203	116.107093	39.752849	70	24.5614428
2	1443968305203	116.102081	39.752119	70	25.9752024
3	1443968305203	116.097192	39.753409	70	23.9557716
4	1443968305203	116.094168	39.75658	70	24.1987428
5	1443968305203	116.095262	39.760086	70	25.481214
1	1443968306203	116.107022	39.752821	70	24.4446156
2	1443968306203	116.102011	39.752119	70	21.6336744
3	1443968306203	116.097119	39.753437	70	25.2632988
4	1443968306203	116.094134	39.75663	70	22.5178704
5	1443968306203	116.095294	39.760137	70	22.7638836
1	1443968307203	116.106954	39.752794	70	23.6881296
2	1443968307203	116.101932	39.752118	70	24.41763
3	1443968307203	116.097042	39.753466	70	26.128152
4	1443968307203	116.0941	39.756682	70	23.4349344
5	1443968307203	116.095327	39.760189	70	22.986126
1	1443968308203	116.106885	39.752767	70	23.6734776
2	1443968308203	116.101854	39.752117	70	24.1270884
3	1443968308203	116.096976	39.75349	70	22.664862
4	1443968308203	116.094065	39.756735	70	23.4809784
5	1443968308203	116.095363	39.760246	70	25.4161872
1	1443968309203	116.106822	39.752742	70	21.8116944
2	1443968309203	116.101784	39.752117	70	21.6407304
3	1443968309203	116.0969	39.753519	70	26.2016388
4	1443968309203	116.094027	39.756792	70	25.5141936
5	1443968309203	116.095397	39.7603	70	24.3069912
1	1443968310203	116.106749	39.752713	70	25.4124504
2	1443968310203	116.101708	39.752116	70	23.3387496
3	1443968310203	116.096828	39.753546	70	24.6302496
4	1443968310203	116.093993	39.756843	70	23.0334444
5	1443968310203	116.09543	39.760353	70	23.2171992
1	1443968311203	116.10668	39.752686	70	24.095574
2	1443968311203	116.101636	39.752116	70	22.189482
3	1443968311203	116.096757	39.753573	70	24.5315232
4	1443968311203	116.093955	39.7569	70	25.5227364
5	1443968311203	116.095463	39.760405	70	23.0808024
1	1443968312203	116.106616	39.752661	70	22.133862
2	1443968312203	116.101565	39.752115	70	21.9377304
3	1443968312203	116.096688	39.753599	70	23.4747
4	1443968312203	116.093921	39.756952	70	23.4474444
5	1443968312203	116.095495	39.760455	70	22.494006
1	1443968313203	116.106541	39.752631	70	25.8299928
2	1443968313203	116.101494	39.752115	70	22.0249224
3	1443968313203	116.096622	39.753624	70	22.8347388
4	1443968313203	116.093889	39.757	70	21.7090152
5	1443968313203	116.095531	39.760512	70	25.2012852
1	1443968314203	116.106466	39.752601	70	26.14185
2	1443968314203	116.10141	39.752114	70	25.9192944
3	1443968314203	116.096548	39.753652	70	25.4706948
4	1443968314203	116.093852	39.757055	70	24.4351368
5	1443968314203	116.095566	39.760567	70	24.3740196
1	1443968315203	116.106398	39.752574	70	23.5977012
2	1443968315203	116.101327	39.752113	70	25.4477448
3	1443968315203	116.096482	39.753676	70	22.4295264
4	1443968315203	116.093816	39.75711	70	24.6755808
5	1443968315203	116.095599	39.760619	70	23.3577288
1	1443968316203	116.106325	39.752546	70	25.1554032
2	1443968316203	116.101249	39.752113	70	24.2137908
3	1443968316203	116.096406	39.753705	70	26.227584
4	1443968316203	116.093782	39.75716	70	22.8379608
5	1443968316203	116.095633	39.760674	70	24.4177488
1	1443968317203	116.106262	39.752521	70	22.004658
2	1443968317203	116.101171	39.752112	70	23.9626656
3	1443968317203	116.096335	39.753732	70	24.2267004
4	1443968317203	116.093749	39.75721	70	22.2545844
5	1443968317203	116.095667	39.760727	70	23.3943912
1	1443968318203	116.106194	39.752494	70	23.562306
2	1443968318203	116.101093	39.752112	70	23.9939676
3	1443968318203	116.096268	39.753757	70	23.13783
4	1443968318203	116.093717	39.757259	70	21.8469168
5	1443968318203	116.095702	39.760783	70	25.0326
1	1443968319203	116.10613	39.752469	70	22.0257648
2	1443968319203	116.101012	39.752111	70	25.140222
3	1443968319203	116.096199	39.753783	70	23.5341432
4	1443968319203	116.093681	39.757313	70	24.21522
5	1443968319203	116.095734	39.760833	70	22.1161248
1	1443968320203	116.106067	39.752444	70	21.7383372
2	1443968320203	116.100937	39.75211	70	23.0635368
3	1443968320203	116.096132	39.753808	70	23.0910732
4	1443968320203	116.093643	39.757369	70	25.5119472
5	1443968320203	116.095768	39.760888	70	24.4248552
1	1443968321203	116.106	39.752417	70	23.3664912
2	1443968321203	116.100858	39.75211	70	24.4639116
3	1443968321203	116.096063	39.753834	70	23.529456
4	1443968321203	116.093607	39.757424	70	24.6649104
5	1443968321203	116.095803	39.760943	70	24.4018332
1	1443968322203	116.105931	39.75239	70	23.9582052
2	1443968322203	116.100774	39.752109	70	25.7778936
3	1443968322203	116.095987	39.753863	70	26.080542
4	1443968322203	116.093613	39.757475	70	22.171266
5	1443968322203	116.09584	39.761	70	25.6535244
1	1443968323203	116.105864	39.752363	70	23.1492024
2	1443968323203	116.100696	39.752108	70	24.0863508
3	1443968323203	116.095939	39.753913	70	25.8221376
4	1443968323203	116.093645	39.757526	70	22.8235932
5	1443968323203	116.095878	39.761056	70	25.498494
1	1443968324203	116.105797	39.752337	70	23.3659224
2	1443968324203	116.100627	39.752117	70	21.9769056
3	1443968324203	116.095903	39.753968	70	24.620184
4	1443968324203	116.093679	39.75758	70	23.8997412
5	1443968324203	116.095952	39.761086	70	25.4864628
1	1443968325203	116.105725	39.752308	70	24.9358788
2	1443968325203	116.100557	39.752143	70	24.0454728
3	1443968325203	116.095869	39.754019	70	22.7705796
4	1443968325203	116.093714	39.757635	70	24.5963664
5	1443968325203	116.096019	39.761112	70	23.3869068
1	1443968326203	116.10566	39.752283	70	22.4155224
2	1443968326203	116.100481	39.752172	70	26.140068
3	1443968326203	116.095831	39.754077	70	25.9343568
4	1443968326203	116.093749	39.757691	70	24.5543616
5	1443968326203	116.096095	39.761142	70	26.2369512
1	1443968327203	116.105593	39.752256	70	23.246118
2	1443968327203	116.100417	39.752196	70	22.0461372
3	1443968327203	116.095798	39.754126	70	22.1360184
4	1443968327203	116.093783	39.757744	70	23.6583072
5	1443968327203	116.09616	39.761168	70	22.5830556
1	1443968328203	116.105523	39.752228	70	24.1504704
2	1443968328203	116.10035	39.752221	70	22.8012012
3	1443968328203	116.095765	39.754175	70	22.0899528
4	1443968328203	116.093817	39.757798	70	23.9260032
5	1443968328203	116.096225	39.761194	70	22.557132
1	1443968329203	116.105452	39.752201	70	24.500106
2	1443968329203	116.100283	39.752246	70	22.9832712
3	1443968329203	116.095727	39.754233	70	25.8323364
4	1443968329203	116.093853	39.757855	70	25.5413124
5	1443968329203	116.096288	39.761219	70	21.7815984
1	1443968330203	116.105383	39.752173	70	23.929614
2	1443968330203	116.100208	39.752274	70	25.7271912
3	1443968330203	116.095689	39.75429	70	25.9365852
4	1443968330203	116.093886	39.757908	70	23.469966
5	1443968330203	116.096361	39.761248	70	25.3425924
1	1443968331203	116.105308	39.752145	70	25.8350724
2	1443968331203	116.100139	39.752301	70	23.7395772
3	1443968331203	116.095655	39.754341	70	22.880574
4	1443968331203	116.09392	39.757962	70	23.8959792
5	1443968331203	116.096429	39.761275	70	23.4549864
1	1443968332203	116.10523	39.752143	70	24.2637012
2	1443968332203	116.100071	39.752326	70	23.1599628
3	1443968332203	116.095619	39.754396	70	24.5929824
4	1443968332203	116.093954	39.758015	70	23.7084696
5	1443968332203	116.096501	39.761303	70	25.11018
1	1443968333203	116.105148	39.752143	70	25.1183592
2	1443968333203	116.100005	39.752351	70	22.9294404
3	1443968333203	116.095582	39.754451	70	24.561972
4	1443968333203	116.093989	39.758071	70	24.6510216
5	1443968333203	116.096573	39.761332	70	24.8758632
1	1443968334203	116.105074	39.752142	70	23.0165928
2	1443968334203	116.099935	39.752377	70	23.7624336
3	1443968334203	116.095544	39.754509	70	26.0456616
4	1443968334203	116.094026	39.758128	70	25.66071
5	1443968334203	116.096645	39.76136	70	24.9790572
1	1443968335203	116.104998	39.752142	70	23.5230444
2	1443968335203	116.099859	39.752406	70	26.0283672
3	1443968335203	116.095505	39.754566	70	25.8899256
4	1443968335203	116.094057	39.758179	70	22.3986816
5	1443968335203	116.096714	39.761387	70	23.8913532
1	1443968336203	116.104916	39.752141	70	25.002108
2	1443968336203	116.099785	39.752434	70	25.385184
3	1443968336203	116.095469	39.754622	70	24.8275476
4	1443968336203	116.09409	39.75823	70	22.8871944
5	1443968336203	116.09679	39.761417	70	26.1281448
1	1443968337203	116.104844	39.752141	70	22.2211008
2	1443968337203	116.099711	39.752462	70	25.686918
3	1443968337203	116.095433	39.754676	70	24.3614844
4	1443968337203	116.094123	39.758283	70	23.2870536
5	1443968337203	116.096863	39.761446	70	25.348806
1	1443968338203	116.104773	39.75214	70	21.9808224
2	1443968338203	116.09964	39.752488	70	24.083694
3	1443968338203	116.095396	39.754732	70	25.0414812
4	1443968338203	116.094157	39.758336	70	23.8081068
5	1443968338203	116.096937	39.761476	70	25.9375572
1	1443968339203	116.104689	39.752139	70	25.98561
2	1443968339203	116.099565	39.752517	70	25.9960032
3	1443968339203	116.095361	39.754784	70	23.3708976
4	1443968339203	116.094193	39.758393	70	25.1940528
5	1443968339203	116.097008	39.761503	70	24.2702964
1	1443968340203	116.104607	39.752139	70	25.262586
2	1443968340203	116.099502	39.75254	70	21.6413172
3	1443968340203	116.095325	39.754838	70	24.1565652
4	1443968340203	116.094226	39.758445	70	23.2769664
5	1443968340203	116.097076	39.76153	70	23.6016576
1	1443968341203	116.104522	39.752138	70	26.1124632
2	1443968341203	116.099429	39.752568	70	24.9579648
3	1443968341203	116.095287	39.754895	70	25.9606368
4	1443968341203	116.094263	39.758504	70	26.1482904
5	1443968341203	116.09714	39.761556	70	22.4270712
1	1443968342203	116.104441	39.752137	70	25.21071
2	1443968342203	116.099362	39.752593	70	22.7960316
3	1443968342203	116.09525	39.754951	70	24.830766
4	1443968342203	116.094297	39.758558	70	23.981634
5	1443968342203	116.097215	39.761585	70	25.7090652
1	1443968343203	116.104365	39.752137	70	23.334192
2	1443968343203	116.099298	39.752617	70	22.2261768
3	1443968343203	116.095212	39.755008	70	25.7073732
4	1443968343203	116.094334	39.758617	70	26.197236
5	1443968343203	116.097287	39.761614	70	24.9792552
1	1443968344203	116.104283	39.752136	70	25.3502568
2	1443968344203	116.099227	39.752644	70	24.2885952
3	1443968344203	116.095175	39.755064	70	25.1324208
4	1443968344203	116.094369	39.758672	70	24.38352
5	1443968344203	116.097354	39.761641	70	23.5083996
1	1443968345203	116.104198	39.752136	70	26.2521504
2	1443968345203	116.099163	39.752668	70	21.8081376
3	1443968345203	116.095141	39.755115	70	22.7755584
4	1443968345203	116.094405	39.758728	70	25.208784
5	1443968345203	116.097417	39.761666	70	21.8279628
1	1443968346203	116.104124	39.752135	70	22.8579588
2	1443968346203	116.099096	39.752693	70	23.0685264
3	1443968346203	116.095103	39.755173	70	26.1519696
4	1443968346203	116.094437	39.75878	70	23.1512832
5	1443968346203	116.097484	39.761692	70	22.9495176
1	1443968347203	116.104052	39.752134	70	22.0756968
2	1443968347203	116.099028	39.752718	70	23.3044848
3	1443968347203	116.095068	39.755225	70	23.4948132
4	1443968347203	116.094471	39.758834	70	23.7215808
5	1443968347203	116.097558	39.761721	70	25.7164416
1	1443968348203	116.10397	39.752134	70	25.3787004
2	1443968348203	116.09896	39.752744	70	23.4295092
3	1443968348203	116.095031	39.755281	70	24.9432444
4	1443968348203	116.094502	39.758883	70	21.8220624
5	1443968348203	116.097621	39.761746	70	21.8813544
1	1443968349203	116.103888	39.752133	70	25.3087236
2	1443968349203	116.098891	39.75277	70	23.7645396
3	1443968349203	116.094999	39.755329	70	21.6140544
4	1443968349203	116.094535	39.758935	70	23.0602428
5	1443968349203	116.097689	39.761773	70	23.4991152
1	1443968350203	116.103812	39.752133	70	23.2523424
2	1443968350203	116.098821	39.752797	70	23.9510304
3	1443968350203	116.094962	39.755385	70	25.2558792
4	1443968350203	116.094569	39.758989	70	24.11748
5	1443968350203	116.097753	39.761798	70	22.2213636
1	1443968351203	116.103741	39.752132	70	22.1089068
2	1443968351203	116.098754	39.752822	70	22.8632472
3	1443968351203	116.094926	39.755439	70	24.2220636
4	1443968351203	116.094604	39.759044	70	24.4136772
5	1443968351203	116.097825	39.761827	70	24.9100992
1	1443968352203	116.103658	39.752131	70	25.520328
2	1443968352203	116.098686	39.752847	70	23.55921
3	1443968352203	116.094889	39.755494	70	24.7999392
4	1443968352203	116.094639	39.7591	70	24.9720372
5	1443968352203	116.097899	39.761856	70	25.6702392
1	1443968353203	116.103587	39.752131	70	21.8402172
2	1443968353203	116.098616	39.752873	70	23.7203568
3	1443968353203	116.094852	39.75555	70	25.1390268
4	1443968353203	116.094671	39.759149	70	21.9354948
5	1443968353203	116.097964	39.761882	70	22.5288576
1	1443968354203	116.10351	39.75213	70	23.6900448
2	1443968354203	116.09855	39.752898	70	22.843746
3	1443968354203	116.094818	39.755601	70	22.939758
4	1443968354203	116.094706	39.759206	70	25.0155576
5	1443968354203	116.098031	39.761908	70	23.2740252
1	1443968355203	116.103439	39.75213	70	22.1268096
2	1443968355203	116.098475	39.752927	70	25.6601088
3	1443968355203	116.094781	39.755656	70	24.7903704
4	1443968355203	116.094737	39.759254	70	21.6665892
5	1443968355203	116.098104	39.761937	70	25.3678428
1	1443968356203	116.103359	39.752129	70	24.4680012
2	1443968356203	116.098399	39.752955	70	26.118846
3	1443968356203	116.094743	39.755713	70	25.5400884
4	1443968356203	116.094768	39.759303	70	21.7463976
5	1443968356203	116.098177	39.761966	70	25.1714304
1	1443968357203	116.103287	39.752128	70	22.2293952
2	1443968357203	116.09833	39.752981	70	23.59629
3	1443968357203	116.09471	39.755763	70	22.509054
4	1443968357203	116.094803	39.75936	70	25.0452936
5	1443968357203	116.09824	39.761991	70	21.8254284
1	1443968358203	116.103209	39.752128	70	24.1352352
2	1443968358203	116.098254	39.75301	70	26.1007776
3	1443968358203	116.094672	39.755822	70	26.1434628
4	1443968358203	116.09484	39.759417	70	25.600176
5	1443968358203	116.09831	39.762019	70	24.2785368
1	1443968359203	116.103137	39.752127	70	22.142952
2	1443968359203	116.098178	39.753038	70	25.9297308
3	1443968359203	116.094636	39.755875	70	24.0255216
4	1443968359203	116.094877	39.759476	70	26.0043588
5	1443968359203	116.098384	39.762048	70	25.8368364
1	1443968360203	116.103056	39.752127	70	25.1108928
2	1443968360203	116.098107	39.753065	70	24.6202272
3	1443968360203	116.094601	39.755928	70	23.714658
4	1443968360203	116.094912	39.759532	70	25.056072
5	1443968360203	116.098459	39.762078	70	25.981812
1	1443968361203	116.102975	39.752126	70	24.8188032
2	1443968361203	116.098032	39.753093	70	25.7594904
3	1443968361203	116.094563	39.755986	70	25.848018
4	1443968361203	116.094948	39.759589	70	25.2504468
5	1443968361203	116.098528	39.762105	70	23.6206872
1	1443968362203	116.102899	39.752125	70	23.3826588
2	1443968362203	116.097959	39.753121	70	24.921918
3	1443968362203	116.094528	39.756038	70	23.351958
4	1443968362203	116.094984	39.759645	70	24.942276
5	1443968362203	116.098595	39.762131	70	23.2683732
1	1443968363203	116.102818	39.752125	70	24.9735672
2	1443968363203	116.097885	39.753149	70	25.323858
3	1443968363203	116.094493	39.75609	70	23.665176
4	1443968363203	116.095018	39.759699	70	23.9469372
5	1443968363203	116.098663	39.762158	70	23.5270584
1	1443968364203	116.102736	39.752124	70	25.5908556
2	1443968364203	116.097822	39.753172	70	21.803274
3	1443968364203	116.09446	39.756141	70	22.560858
4	1443968364203	116.095053	39.759755	70	25.0327692
5	1443968364203	116.098727	39.762184	70	22.4317728
1	1443968365203	116.10265	39.752124	70	26.2247364
2	1443968365203	116.097748	39.7532	70	25.4457252
3	1443968365203	116.094422	39.756198	70	25.621488
4	1443968365203	116.095086	39.759808	70	23.38155
5	1443968365203	116.098798	39.762212	70	24.4560312
1	1443968366203	116.10257	39.752123	70	24.8146848
2	1443968366203	116.097671	39.753229	70	26.1520704
3	1443968366203	116.094389	39.756247	70	22.0546296
4	1443968366203	116.09512	39.759861	70	23.51826
5	1443968366203	116.098866	39.762239	70	23.43483
1	1443968367203	116.102488	39.752122	70	25.309404
2	1443968367203	116.097602	39.753255	70	23.8986468
3	1443968367203	116.094351	39.756305	70	26.0182116
4	1443968367203	116.095151	39.75991	70	21.8706264
5	1443968367203	116.098941	39.762268	70	26.1369612
1	1443968368203	116.102418	39.752122	70	21.6154908
2	1443968368203	116.09753	39.753282	70	24.5036736
3	1443968368203	116.094313	39.756361	70	25.3989036
4	1443968368203	116.095187	39.759967	70	25.407684
5	1443968368203	116.099005	39.762294	70	22.0590936
1	1443968369203	116.102342	39.752121	70	23.281776
2	1443968369203	116.097459	39.753309	70	24.4811556
3	1443968369203	116.094275	39.756419	70	25.823124
4	1443968369203	116.095218	39.760016	70	21.8397528
5	1443968369203	116.09908	39.762324	70	26.19675
1	1443968370203	116.102271	39.752121	70	21.9173472
2	1443968370203	116.097383	39.753338	70	26.0679276
3	1443968370203	116.094243	39.756467	70	21.7640772
4	1443968370203	116.095253	39.760072	70	24.8847624
5	1443968370203	116.099153	39.762352	70	25.229952
1	1443968371203	116.102191	39.75212	70	24.8186196
2	1443968371203	116.097315	39.753363	70	23.1889968
3	1443968371203	116.094209	39.756518	70	22.7155824
4	1443968371203	116.095287	39.760126	70	23.7496968
5	1443968371203	116.099222	39.76238	70	23.9587128
1	1443968372203	116.102111	39.752119	70	24.5517408
2	1443968372203	116.097247	39.753389	70	23.3422848
3	1443968372203	116.094173	39.756572	70	24.5422692
4	1443968372203	116.095321	39.760179	70	23.6846808
5	1443968372203	116.099298	39.76241	70	26.0977212
1	1443968373203	116.102034	39.752119	70	23.7605652
2	1443968373203	116.097171	39.753417	70	26.0506728
3	1443968373203	116.09414	39.756622	70	22.3350552
4	1443968373203	116.095353	39.76023	70	22.5067428
5	1443968373203	116.099367	39.762437	70	23.9813568
1	1443968374203	116.101952	39.752118	70	25.3851408
2	1443968374203	116.097106	39.753442	70	22.3248204
3	1443968374203	116.094104	39.756676	70	24.1295616
4	1443968374203	116.095384	39.760279	70	21.8256588
5	1443968374203	116.099432	39.762463	70	22.6591416
1	1443968375203	116.101874	39.752118	70	23.984244
2	1443968375203	116.097032	39.75347	70	25.4402496
3	1443968375203	116.094071	39.756725	70	22.0662432
4	1443968375203	116.09542	39.760337	70	25.7881212
5	1443968375203	116.0995	39.76249	70	23.4693828
1	1443968376203	116.101798	39.752117	70	23.6356596
2	1443968376203	116.096963	39.753496	70	23.8490928
3	1443968376203	116.094034	39.756781	70	25.3430136
4	1443968376203	116.095453	39.760388	70	22.7029212
5	1443968376203	116.09957	39.762517	70	24.4322064
1	1443968377203	116.101718	39.752116	70	24.412572
2	1443968377203	116.096891	39.753523	70	24.6650976
3	1443968377203	116.093998	39.756835	70	24.0394464
4	1443968377203	116.095487	39.760443	70	24.4665216
5	1443968377203	116.099645	39.762547	70	25.9121988
1	1443968378203	116.101645	39.752116	70	22.5548928
2	1443968378203	116.096824	39.753548	70	22.949406
3	1443968378203	116.09396	39.756892	70	25.7607396
4	1443968378203	116.095519	39.760492	70	21.9033288
5	1443968378203	116.099712	39.762573	70	23.0227776
1	1443968379203	116.101561	39.752115	70	25.8545844
2	1443968379203	116.096753	39.753575	70	24.4744308
3	1443968379203	116.093923	39.756949	70	25.2887328
4	1443968379203	116.095549	39.760541	70	21.6280296
5	1443968379203	116.099781	39.762601	70	23.9715468
1	1443968380203	116.101484	39.752115	70	23.946192
2	1443968380203	116.096685	39.7536	70	23.1014016
3	1443968380203	116.09389	39.756998	70	22.162608
4	1443968380203	116.095583	39.760595	70	24.0860304
5	1443968380203	116.099854	39.76263	70	25.5307356
1	1443968381203	116.101404	39.752114	70	24.7490604
2	1443968381203	116.096613	39.753627	70	24.818184
3	1443968381203	116.093853	39.757054	70	25.277922
4	1443968381203	116.09562	39.760653	70	25.6982328
5	1443968381203	116.099925	39.762658	70	24.3043236
1	1443968382203	116.101333	39.752113	70	21.9222324
2	1443968382203	116.096537	39.753656	70	26.0419428
3	1443968382203	116.093819	39.757105	70	22.5738216
4	1443968382203	116.095656	39.76071	70	25.5337056
5	1443968382203	116.099993	39.762685	70	23.6874816
1	1443968383203	116.101251	39.752113	70	25.2823644
2	1443968383203	116.096471	39.753681	70	22.6451268
3	1443968383203	116.093782	39.757161	70	25.1510184
4	1443968383203	116.095688	39.760761	70	22.5076176
5	1443968383203	116.10006	39.762711	70	23.2561584
1	1443968384203	116.101179	39.752112	70	22.1105736
2	1443968384203	116.096405	39.753705	70	22.4763696
3	1443968384203	116.093748	39.757212	70	23.2139736
4	1443968384203	116.095722	39.760814	70	23.7472308
5	1443968384203	116.10013	39.762739	70	24.2923824
1	1443968385203	116.101096	39.752112	70	25.5763728
2	1443968385203	116.09633	39.753734	70	25.900578
3	1443968385203	116.093714	39.757263	70	22.7987892
4	1443968385203	116.095753	39.760863	70	21.6865692
5	1443968385203	116.100201	39.762767	70	24.6286152
1	1443968386203	116.101019	39.752111	70	23.8782384
2	1443968386203	116.096259	39.75376	70	24.4159704
3	1443968386203	116.09368	39.757315	70	23.2798032
4	1443968386203	116.095786	39.760915	70	23.1888672
5	1443968386203	116.100264	39.762792	70	21.656988
1	1443968387203	116.100948	39.75211	70	21.681378
2	1443968387203	116.096191	39.753786	70	23.2238088
3	1443968387203	116.093646	39.757365	70	22.4723268
4	1443968387203	116.095821	39.760972	70	25.1406
5	1443968387203	116.100334	39.762819	70	24.3083088
1	1443968388203	116.100876	39.75211	70	22.3567596
2	1443968388203	116.096123	39.753812	70	23.4098028
3	1443968388203	116.09361	39.75742	70	24.617124
4	1443968388203	116.095856	39.761026	70	24.302664
5	1443968388203	116.100402	39.762846	70	23.5506348
1	1443968389203	116.100805	39.752109	70	21.9155616
2	1443968389203	116.096047	39.75384	70	25.9580052
5	1443968389203	116.100469	39.762873	70	23.24781
1	1443968390203	116.100721	39.752109	70	25.7243724
2	1443968390203	116.095979	39.753866	70	23.565816
