**************************overload****************************
1447863555,66
1447863556,152
1447863557,66
1447863558,1632
1447863559,2874
1447863560,1956
1447863561,1178
1447863562,1350
1447863563,1470
1447863564,1416
1447863565,1686
1447863566,1772
1447863567,390
1447863568,1848
1447863569,1524
1447863570,1848
1447863571,2096
1447863572,2010
1447863573,1362
1447863574,66
1447863575,66
1447863576,530
1447863577,2010
1447863578,3792
1447863579,3846
1447863580,3576
1447863581,4568
1447863582,5886
1447863583,2100
1447863584,66
1447863585,2046
1447863586,66
1447863587,2046
1447863588,66
1447863589,246
1447863590,1506
1447863591,4050
1447863592,2592
1447863593,3536
1447863594,3360
1447863595,66
1447863596,1416
1447863597,120
1447863598,4512
1447863599,3522
1447863600,1308
1447863601,66
1447863602,1596
1447863603,1052
1447863604,5574
1447863605,2604
1447863606,3000
1447863607,156
1447863608,152
1447863609,66
1447863610,1938
1447863611,3018
1447863612,1254
**************************payload****************************
1447863558,348
1447863559,624
1447863560,420
1447863561,228
1447863562,300
1447863563,312
1447863564,300
1447863565,360
1447863566,360
1447863567,72
1447863568,396
1447863569,324
1447863570,396
1447863571,432
1447863572,432
1447863573,264
1447863576,168
1447863577,432
1447863578,1176
1447863579,1056
1447863580,1424
1447863581,1020
1447863582,1308
1447863583,12
1447863590,464
1447863591,996
1447863592,576
1447863593,1132
1447863594,884
1447863597,24
1447863598,872
1447863599,888
1447863600,276
1447863603,204
1447863604,972
1447863605,588
1447863606,312
1447863610,360
1447863611,576
1447863612,72
