**************************overload****************************
1447863558,1848
1447863559,3036
1447863560,3900
1447863561,3176
1447863562,3522
1447863563,3306
1447863564,3576
1447863565,3522
1447863566,3608
1447863567,3726
1447863568,3360
1447863569,2712
1447863570,3360
1447863571,3446
1447863572,3252
1447863573,2226
1447863574,66
1447863575,66
1447863576,638
1447863577,4386
1447863578,5130
1447863579,6588
1447863580,1944
1447863581,8024
1447863582,14742
1447863583,54
1447863589,366
1447863590,1738
1447863591,9558
1447863592,7128
1447863593,2916
1447863594,2214
1447863596,226
1447863597,66
1447863598,5270
1447863599,7344
1447863600,4698
1447863602,972
1447863603,1880
1447863604,5670
1447863605,9558
1447863606,6480
1447863610,2312
1447863611,9180
1447863612,378
1447863613,172
1447863614,106
**************************payload****************************
1447863558,40758
1447863559,68141
1447863560,87579
1447863561,81760
1447863562,93440
1447863563,87600
1447863564,94900
1447863565,93440
1447863566,93440
1447863567,100740
1447863568,88592
1447863569,60407
1447863570,74427
1447863571,74216
1447863572,71296
1447863573,48385
1447863576,3088
1447863577,111852
1447863578,138700
1447863579,176883
1447863580,52560
1447863581,214620
1447863582,398580
1447863583,1460
1447863589,2920
1447863590,42340
1447863591,258420
1447863592,192720
1447863593,78840
1447863594,59860
1447863596,1460
1447863598,140160
1447863599,198560
1447863600,126068
1447863602,23806
1447863603,46720
1447863604,153300
1447863605,258420
1447863606,173949
1447863610,55926
1447863611,248200
1447863612,10220
