**************************overload****************************
1447859891,246
1447859892,156
1447859893,246
1447859894,152
1447859895,336
1447859896,156
1447859897,246
1447859898,66
1447859899,422
1447859900,66
1447859901,336
1447859902,156
1447859903,246
1447859904,242
1447859905,246
1447859906,156
1447859907,246
1447859908,156
1447859909,332
1447859910,246
1447859911,156
1447859912,246
1447859913,156
1447859914,422
1447859915,66
1447859916,336
1447859917,66
1447859918,336
1447859919,152
1447859920,336
1447859922,336
1447859923,66
1447859924,422
1447859925,66
1447859926,336
1447859927,156
1447859928,246
1447859929,242
1447859930,246
1447859931,156
1447859932,246
1447859933,246
1447859934,242
1447859935,246
1447859936,156
1447859937,246
1447859938,156
1447859939,422
1447859940,66
1447859941,336
1447859942,66
1447859943,336
1447859944,152
1447859945,336
1447859946,66
1447859947,336
1447859948,66
1447859949,422
1447859950,156
1447859951,246
1447859952,156
1447859953,246
1447859954,242
1447859955,246
1447859956,156
1447859957,246
1447859958,246
1447859959,242
1447859960,246
1447859961,156
1447859962,336
1447859963,66
1447859964,422
1447859965,66
1447859966,336
1447859967,66
1447859968,336
1447859969,152
1447859970,336
1447859971,66
1447859972,336
1447859973,156
1447859974,332
1447859975,156
1447859976,246
1447859977,156
1447859978,246
1447859979,242
1447859980,246
1447859981,246
1447859982,156
1447859983,246
1447859984,242
1447859985,246
1447859986,156
1447859987,336
1447859988,66
1447859989,332
1447859990,66
1447859991,156
1447859992,66
1447859993,66
1447859994,152
1447859995,66
1447859996,66
1447859997,66
1447859998,66
1447859999,152
1447860000,66
1447860001,66
1447860002,66
1447860003,66
1447860004,152
1447860005,66
1447860006,66
1447860007,66
1447860008,66
1447860009,152
1447860010,66
1447860011,66
1447860012,66
1447860013,66
1447860014,152
1447860015,66
1447860016,66
1447860017,66
1447860018,66
1447860019,152
1447860020,66
1447860021,66
1447860022,66
1447860023,66
1447860024,152
1447860025,66
1447860026,66
1447860027,66
1447860028,66
1447860029,152
1447860030,66
1447860031,66
1447860032,66
1447860033,246
1447860034,512
1447860035,678
1447860036,2478
1447860037,2244
1447860038,1092
1447860039,1826
1447860040,858
1447860041,1596
1447860042,1182
1447860043,1812
1447860044,692
1447860045,1512
1447860046,606
1447860047,1812
1447860048,2478
1447860049,1844
1447860050,2640
1447860051,624
1447860052,1308
1447860053,1092
1447860054,1340
1447860055,1434
1447860056,3396
1447860057,660
1447860058,2178
1447860059,1250
1447860060,966
1447860061,1902
1447860062,1038
1447860063,552
1447860064,1286
1447860065,156
1447860066,156
1447860067,336
1447860068,156
1447860069,422
1447860070,66
1447860071,336
1447860072,66
1447860073,336
1447860074,152
1447860075,336
1447860076,66
1447860077,336
1447860078,66
1447860079,422
1447860080,66
1447860081,336
1447860082,156
1447860083,246
1447860084,242
1447860085,246
1447860086,156
1447860087,246
1447860088,246
1447860089,242
1447860090,246
1447860091,156
1447860092,246
1447860093,156
1447860094,422
1447860095,66
1447860096,246
1447860097,66
1447860098,156
1447860099,152
1447860100,66
1447860101,66
1447860102,66
1447860103,66
1447860104,152
1447860105,66
1447860106,66
1447860107,66
1447860108,66
1447860109,152
1447860110,66
1447860111,66
1447860112,66
1447860113,66
1447860114,152
1447860115,66
1447860116,66
1447860117,66
1447860118,66
1447860119,152
1447860120,66
1447860121,66
1447860122,66
1447860123,66
1447860124,152
1447860125,66
1447860126,66
1447860127,66
1447860128,66
1447860129,152
1447860130,66
1447860131,66
1447860132,66
1447860133,66
1447860134,152
1447860135,66
1447860136,66
1447860137,66
1447860138,66
1447860139,152
1447860140,66
1447860141,66
1447860142,66
1447860143,66
1447860144,152
1447860145,66
1447860146,336
1447860147,246
1447860148,156
1447860149,152
1447860150,426
1447860151,156
1447860152,156
1447860153,156
1447860154,332
1447860155,156
1447860156,246
1447860157,156
1447860158,246
1447860159,242
1447860160,246
1447860161,156
**************************payload****************************
1447860034,2143
1447860035,96
1447860036,516
1447860037,444
1447860038,228
1447860039,312
1447860040,156
1447860041,300
1447860042,228
1447860043,348
1447860044,120
1447860045,276
1447860046,120
1447860047,564
1447860048,960
1447860049,668
1447860050,1336
1447860051,84
1447860052,276
1447860053,168
1447860054,264
1447860055,264
1447860056,1260
1447860057,168
1447860058,804
1447860059,204
1447860060,180
1447860061,348
1447860062,216
1447860063,108
1447860064,192
